[
  {
    "id": 1,
    "img_name": "circle_0001",
    "width": 4070,
    "height": 2195,
    "position": [
      -3.67819,
      -0.073516,
      -0.200262
    ],
    "rotation": [
      [
        0.062681,
        0.145287,
        0.987402
      ],
      [
        -0.176511,
        0.975365,
        -0.132311
      ],
      [
        -0.982301,
        -0.165994,
        0.086782
      ]
    ],
    "fy": 3463.353096,
    "fx": 3463.353096
  },
  {
    "id": 2,
    "img_name": "circle_0002",
    "width": 4070,
    "height": 2195,
    "position": [
      -3.683708,
      -0.061214,
      -0.123046
    ],
    "rotation": [
      [
        0.042087,
        0.145126,
        0.988518
      ],
      [
        -0.176958,
        0.974835,
        -0.135583
      ],
      [
        -0.983318,
        -0.16922,
        0.066709
      ]
    ],
    "fy": 3462.879026,
    "fx": 3462.879026
  },
  {
    "id": 3,
    "img_name": "circle_0003",
    "width": 4071,
    "height": 2195,
    "position": [
      -3.687587,
      -0.048879,
      -0.045736
    ],
    "rotation": [
      [
        0.021475,
        0.144896,
        0.989214
      ],
      [
        -0.177337,
        0.974304,
        -0.138862
      ],
      [
        -0.983916,
        -0.172442,
        0.046618
      ]
    ],
    "fy": 3462.404956,
    "fx": 3462.404956
  },
  {
    "id": 4,
    "img_name": "circle_0004",
    "width": 4071,
    "height": 2195,
    "position": [
      -3.689825,
      -0.036517,
      0.031635
    ],
    "rotation": [
      [
        0.000853,
        0.144597,
        0.98949
      ],
      [
        -0.177649,
        0.973774,
        -0.142147
      ],
      [
        -0.984094,
        -0.175661,
        0.026518
      ]
    ],
    "fy": 3461.930886,
    "fx": 3461.930886
  },
  {
    "id": 5,
    "img_name": "circle_0005",
    "width": 4071,
    "height": 2195,
    "position": [
      -3.690422,
      -0.024134,
      0.109033
    ],
    "rotation": [
      [
        -0.019768,
        0.144229,
        0.989347
      ],
      [
        -0.177894,
        0.973243,
        -0.145436
      ],
      [
        -0.983851,
        -0.178874,
        0.006418
      ]
    ],
    "fy": 3461.456815,
    "fx": 3461.456815
  },
  {
    "id": 6,
    "img_name": "circle_0006",
    "width": 4071,
    "height": 2195,
    "position": [
      -3.689378,
      -0.011736,
      0.186423
    ],
    "rotation": [
      [
        -0.040381,
        0.143793,
        0.988784
      ],
      [
        -0.178072,
        0.972713,
        -0.148728
      ],
      [
        -0.983189,
        -0.18208,
        -0.013674
      ]
    ],
    "fy": 3460.982745,
    "fx": 3460.982745
  },
  {
    "id": 7,
    "img_name": "circle_0007",
    "width": 4072,
    "height": 2195,
    "position": [
      -3.686692,
      0.000674,
      0.263772
    ],
    "rotation": [
      [
        -0.060977,
        0.143288,
        0.987801
      ],
      [
        -0.178182,
        0.972183,
        -0.152022
      ],
      [
        -0.982106,
        -0.185278,
        -0.033749
      ]
    ],
    "fy": 3460.508675,
    "fx": 3460.508675
  },
  {
    "id": 8,
    "img_name": "circle_0008",
    "width": 4072,
    "height": 2195,
    "position": [
      -3.682367,
      0.013088,
      0.341047
    ],
    "rotation": [
      [
        -0.081547,
        0.142715,
        0.986399
      ],
      [
        -0.178225,
        0.971655,
        -0.155316
      ],
      [
        -0.980605,
        -0.188466,
        -0.0538
      ]
    ],
    "fy": 3460.034605,
    "fx": 3460.034605
  },
  {
    "id": 9,
    "img_name": "circle_0009",
    "width": 4072,
    "height": 2195,
    "position": [
      -3.676404,
      0.025501,
      0.418212
    ],
    "rotation": [
      [
        -0.102081,
        0.142074,
        0.984578
      ],
      [
        -0.1782,
        0.971127,
        -0.158609
      ],
      [
        -0.978685,
        -0.191643,
        -0.073816
      ]
    ],
    "fy": 3459.560535,
    "fx": 3459.560535
  },
  {
    "id": 10,
    "img_name": "circle_0010",
    "width": 4073,
    "height": 2195,
    "position": [
      -3.668805,
      0.037909,
      0.495234
    ],
    "rotation": [
      [
        -0.122572,
        0.141365,
        0.98234
      ],
      [
        -0.178109,
        0.970601,
        -0.1619
      ],
      [
        -0.976347,
        -0.194808,
        -0.09379
      ]
    ],
    "fy": 3459.086465,
    "fx": 3459.086465
  },
  {
    "id": 11,
    "img_name": "circle_0011",
    "width": 4073,
    "height": 2195,
    "position": [
      -3.659574,
      0.050305,
      0.57208
    ],
    "rotation": [
      [
        -0.143011,
        0.140589,
        0.979685
      ],
      [
        -0.17795,
        0.970076,
        -0.165187
      ],
      [
        -0.973592,
        -0.197958,
        -0.113714
      ]
    ],
    "fy": 3458.612394,
    "fx": 3458.612394
  },
  {
    "id": 12,
    "img_name": "circle_0012",
    "width": 4073,
    "height": 2195,
    "position": [
      -3.648715,
      0.062684,
      0.648715
    ],
    "rotation": [
      [
        -0.163389,
        0.139745,
        0.976614
      ],
      [
        -0.177724,
        0.969553,
        -0.168468
      ],
      [
        -0.970422,
        -0.201093,
        -0.133578
      ]
    ],
    "fy": 3458.138324,
    "fx": 3458.138324
  },
  {
    "id": 13,
    "img_name": "circle_0013",
    "width": 4074,
    "height": 2195,
    "position": [
      -3.636233,
      0.075041,
      0.725107
    ],
    "rotation": [
      [
        -0.183697,
        0.138834,
        0.973129
      ],
      [
        -0.177431,
        0.969032,
        -0.171743
      ],
      [
        -0.966837,
        -0.204212,
        -0.153375
      ]
    ],
    "fy": 3457.664254,
    "fx": 3457.664254
  },
  {
    "id": 14,
    "img_name": "circle_0014",
    "width": 4074,
    "height": 2196,
    "position": [
      -3.622133,
      0.087371,
      0.801221
    ],
    "rotation": [
      [
        -0.203927,
        0.137856,
        0.969231
      ],
      [
        -0.177071,
        0.968513,
        -0.17501
      ],
      [
        -0.962839,
        -0.207312,
        -0.173096
      ]
    ],
    "fy": 3457.190184,
    "fx": 3457.190184
  },
  {
    "id": 15,
    "img_name": "circle_0015",
    "width": 4074,
    "height": 2196,
    "position": [
      -3.606421,
      0.099667,
      0.877024
    ],
    "rotation": [
      [
        -0.22407,
        0.136813,
        0.964922
      ],
      [
        -0.176644,
        0.967997,
        -0.178268
      ],
      [
        -0.958431,
        -0.210392,
        -0.192732
      ]
    ],
    "fy": 3456.716114,
    "fx": 3456.716114
  },
  {
    "id": 16,
    "img_name": "circle_0016",
    "width": 4074,
    "height": 2196,
    "position": [
      -3.589105,
      0.111925,
      0.952483
    ],
    "rotation": [
      [
        -0.244118,
        0.135703,
        0.960204
      ],
      [
        -0.176151,
        0.967483,
        -0.181515
      ],
      [
        -0.953613,
        -0.213452,
        -0.212276
      ]
    ],
    "fy": 3456.242044,
    "fx": 3456.242044
  },
  {
    "id": 17,
    "img_name": "circle_0017",
    "width": 4075,
    "height": 2196,
    "position": [
      -3.570191,
      0.124139,
      1.027565
    ],
    "rotation": [
      [
        -0.264061,
        0.134527,
        0.955078
      ],
      [
        -0.175591,
        0.966972,
        -0.18475
      ],
      [
        -0.948388,
        -0.216489,
        -0.231718
      ]
    ],
    "fy": 3455.767973,
    "fx": 3455.767973
  },
  {
    "id": 18,
    "img_name": "circle_0018",
    "width": 4075,
    "height": 2196,
    "position": [
      -3.549689,
      0.136304,
      1.102237
    ],
    "rotation": [
      [
        -0.283892,
        0.133287,
        0.949547
      ],
      [
        -0.174966,
        0.966464,
        -0.187972
      ],
      [
        -0.942758,
        -0.219502,
        -0.251051
      ]
    ],
    "fy": 3455.293903,
    "fx": 3455.293903
  },
  {
    "id": 19,
    "img_name": "circle_0019",
    "width": 4075,
    "height": 2196,
    "position": [
      -3.527607,
      0.148414,
      1.176466
    ],
    "rotation": [
      [
        -0.303602,
        0.131982,
        0.943614
      ],
      [
        -0.174275,
        0.96596,
        -0.191179
      ],
      [
        -0.936725,
        -0.222491,
        -0.270266
      ]
    ],
    "fy": 3454.819833,
    "fx": 3454.819833
  },
  {
    "id": 20,
    "img_name": "circle_0020",
    "width": 4076,
    "height": 2196,
    "position": [
      -3.503954,
      0.160465,
      1.25022
    ],
    "rotation": [
      [
        -0.323183,
        0.130613,
        0.93728
      ],
      [
        -0.173519,
        0.965459,
        -0.19437
      ],
      [
        -0.930293,
        -0.225453,
        -0.289356
      ]
    ],
    "fy": 3454.345763,
    "fx": 3454.345763
  },
  {
    "id": 21,
    "img_name": "circle_0021",
    "width": 4076,
    "height": 2196,
    "position": [
      -3.478742,
      0.17245,
      1.323465
    ],
    "rotation": [
      [
        -0.342626,
        0.12918,
        0.930548
      ],
      [
        -0.172697,
        0.964962,
        -0.197544
      ],
      [
        -0.923463,
        -0.228387,
        -0.308312
      ]
    ],
    "fy": 3453.871693,
    "fx": 3453.871693
  },
  {
    "id": 22,
    "img_name": "circle_0022",
    "width": 4076,
    "height": 2196,
    "position": [
      -3.451981,
      0.184365,
      1.396171
    ],
    "rotation": [
      [
        -0.361923,
        0.127684,
        0.923422
      ],
      [
        -0.171811,
        0.964469,
        -0.200699
      ],
      [
        -0.916238,
        -0.231292,
        -0.327126
      ]
    ],
    "fy": 3453.397623,
    "fx": 3453.397623
  },
  {
    "id": 23,
    "img_name": "circle_0023",
    "width": 4077,
    "height": 2196,
    "position": [
      -3.423683,
      0.196204,
      1.468305
    ],
    "rotation": [
      [
        -0.381065,
        0.126126,
        0.915905
      ],
      [
        -0.170861,
        0.96398,
        -0.203834
      ],
      [
        -0.908623,
        -0.234167,
        -0.345789
      ]
    ],
    "fy": 3452.923552,
    "fx": 3452.923552
  },
  {
    "id": 24,
    "img_name": "circle_0024",
    "width": 4077,
    "height": 2196,
    "position": [
      -3.39386,
      0.207963,
      1.539836
    ],
    "rotation": [
      [
        -0.400046,
        0.124507,
        0.907998
      ],
      [
        -0.169847,
        0.963496,
        -0.206948
      ],
      [
        -0.900619,
        -0.23701,
        -0.364296
      ]
    ],
    "fy": 3452.449482,
    "fx": 3452.449482
  },
  {
    "id": 25,
    "img_name": "circle_0025",
    "width": 4077,
    "height": 2196,
    "position": [
      -3.362526,
      0.219635,
      1.610731
    ],
    "rotation": [
      [
        -0.418856,
        0.122826,
        0.899707
      ],
      [
        -0.16877,
        0.963016,
        -0.210039
      ],
      [
        -0.892231,
        -0.23982,
        -0.382636
      ]
    ],
    "fy": 3451.975412,
    "fx": 3451.975412
  },
  {
    "id": 26,
    "img_name": "circle_0026",
    "width": 4077,
    "height": 2196,
    "position": [
      -3.329695,
      0.231216,
      1.680961
    ],
    "rotation": [
      [
        -0.437488,
        0.121085,
        0.891035
      ],
      [
        -0.16763,
        0.962541,
        -0.213107
      ],
      [
        -0.883462,
        -0.242596,
        -0.400803
      ]
    ],
    "fy": 3451.501342,
    "fx": 3451.501342
  },
  {
    "id": 27,
    "img_name": "circle_0027",
    "width": 4078,
    "height": 2196,
    "position": [
      -3.295379,
      0.242702,
      1.750494
    ],
    "rotation": [
      [
        -0.455933,
        0.119285,
        0.881984
      ],
      [
        -0.166427,
        0.962071,
        -0.216149
      ],
      [
        -0.874315,
        -0.245336,
        -0.418788
      ]
    ],
    "fy": 3451.027272,
    "fx": 3451.027272
  },
  {
    "id": 28,
    "img_name": "circle_0028",
    "width": 4078,
    "height": 2196,
    "position": [
      -3.259596,
      0.254086,
      1.8193
    ],
    "rotation": [
      [
        -0.474185,
        0.117425,
        0.87256
      ],
      [
        -0.165163,
        0.961607,
        -0.219165
      ],
      [
        -0.864795,
        -0.24804,
        -0.436585
      ]
    ],
    "fy": 3450.553202,
    "fx": 3450.553202
  },
  {
    "id": 29,
    "img_name": "circle_0029",
    "width": 4078,
    "height": 2196,
    "position": [
      -3.22236,
      0.265363,
      1.887349
    ],
    "rotation": [
      [
        -0.492234,
        0.115507,
        0.862765
      ],
      [
        -0.163838,
        0.961148,
        -0.222153
      ],
      [
        -0.854905,
        -0.250705,
        -0.454185
      ]
    ],
    "fy": 3450.079131,
    "fx": 3450.079131
  },
  {
    "id": 30,
    "img_name": "circle_0030",
    "width": 4079,
    "height": 2196,
    "position": [
      -3.183687,
      0.27653,
      1.95461
    ],
    "rotation": [
      [
        -0.510074,
        0.113532,
        0.852605
      ],
      [
        -0.162452,
        0.960694,
        -0.225113
      ],
      [
        -0.84465,
        -0.253331,
        -0.471582
      ]
    ],
    "fy": 3449.605061,
    "fx": 3449.605061
  },
  {
    "id": 31,
    "img_name": "circle_0031",
    "width": 4079,
    "height": 2196,
    "position": [
      -3.143595,
      0.287581,
      2.021054
    ],
    "rotation": [
      [
        -0.527696,
        0.111501,
        0.842083
      ],
      [
        -0.161006,
        0.960247,
        -0.228042
      ],
      [
        -0.834035,
        -0.255917,
        -0.488767
      ]
    ],
    "fy": 3449.130991,
    "fx": 3449.130991
  },
  {
    "id": 32,
    "img_name": "circle_0032",
    "width": 4079,
    "height": 2196,
    "position": [
      -3.102102,
      0.29851,
      2.086653
    ],
    "rotation": [
      [
        -0.545094,
        0.109413,
        0.831205
      ],
      [
        -0.159501,
        0.959805,
        -0.23094
      ],
      [
        -0.823062,
        -0.258462,
        -0.505733
      ]
    ],
    "fy": 3448.656921,
    "fx": 3448.656921
  },
  {
    "id": 33,
    "img_name": "circle_0033",
    "width": 4079,
    "height": 2196,
    "position": [
      -3.059224,
      0.309314,
      2.151377
    ],
    "rotation": [
      [
        -0.56226,
        0.107271,
        0.819973
      ],
      [
        -0.157937,
        0.95937,
        -0.233805
      ],
      [
        -0.811739,
        -0.260963,
        -0.522473
      ]
    ],
    "fy": 3448.182851,
    "fx": 3448.182851
  },
  {
    "id": 34,
    "img_name": "circle_0034",
    "width": 4080,
    "height": 2196,
    "position": [
      -3.014983,
      0.319988,
      2.215197
    ],
    "rotation": [
      [
        -0.579186,
        0.105075,
        0.808395
      ],
      [
        -0.156315,
        0.958941,
        -0.236637
      ],
      [
        -0.800068,
        -0.263421,
        -0.538981
      ]
    ],
    "fy": 3447.708781,
    "fx": 3447.708781
  },
  {
    "id": 35,
    "img_name": "circle_0035",
    "width": 4080,
    "height": 2196,
    "position": [
      -2.969395,
      0.330526,
      2.278087
    ],
    "rotation": [
      [
        -0.595866,
        0.102826,
        0.796474
      ],
      [
        -0.154635,
        0.958519,
        -0.239434
      ],
      [
        -0.788055,
        -0.265834,
        -0.555249
      ]
    ],
    "fy": 3447.23471,
    "fx": 3447.23471
  },
  {
    "id": 36,
    "img_name": "circle_0036",
    "width": 4080,
    "height": 2196,
    "position": [
      -2.922483,
      0.340925,
      2.340018
    ],
    "rotation": [
      [
        -0.612292,
        0.100525,
        0.784215
      ],
      [
        -0.1529,
        0.958104,
        -0.242195
      ],
      [
        -0.775706,
        -0.2682,
        -0.571269
      ]
    ],
    "fy": 3446.76064,
    "fx": 3446.76064
  },
  {
    "id": 37,
    "img_name": "circle_0037",
    "width": 4081,
    "height": 2196,
    "position": [
      -2.874265,
      0.351179,
      2.400963
    ],
    "rotation": [
      [
        -0.628458,
        0.098173,
        0.771624
      ],
      [
        -0.151108,
        0.957696,
        -0.244918
      ],
      [
        -0.763025,
        -0.27052,
        -0.587036
      ]
    ],
    "fy": 3446.28657,
    "fx": 3446.28657
  },
  {
    "id": 38,
    "img_name": "circle_0038",
    "width": 4081,
    "height": 2196,
    "position": [
      -2.824764,
      0.361285,
      2.460896
    ],
    "rotation": [
      [
        -0.644355,
        0.095771,
        0.758706
      ],
      [
        -0.149262,
        0.957295,
        -0.247604
      ],
      [
        -0.750018,
        -0.272791,
        -0.602543
      ]
    ],
    "fy": 3445.8125,
    "fx": 3445.8125
  },
  {
    "id": 39,
    "img_name": "circle_0039",
    "width": 4081,
    "height": 2197,
    "position": [
      -2.774001,
      0.371237,
      2.51979
    ],
    "rotation": [
      [
        -0.659979,
        0.093319,
        0.745466
      ],
      [
        -0.147361,
        0.956901,
        -0.25025
      ],
      [
        -0.73669,
        -0.275012,
        -0.617783
      ]
    ],
    "fy": 3445.33843,
    "fx": 3445.33843
  },
  {
    "id": 40,
    "img_name": "circle_0040",
    "width": 4082,
    "height": 2197,
    "position": [
      -2.721999,
      0.381032,
      2.577619
    ],
    "rotation": [
      [
        -0.675321,
        0.09082,
        0.731911
      ],
      [
        -0.145407,
        0.956515,
        -0.252855
      ],
      [
        -0.723048,
        -0.277183,
        -0.632749
      ]
    ],
    "fy": 3444.86436,
    "fx": 3444.86436
  },
  {
    "id": 41,
    "img_name": "circle_0041",
    "width": 4082,
    "height": 2197,
    "position": [
      -2.668779,
      0.390665,
      2.634358
    ],
    "rotation": [
      [
        -0.690376,
        0.088273,
        0.718045
      ],
      [
        -0.143401,
        0.956137,
        -0.255419
      ],
      [
        -0.709096,
        -0.279303,
        -0.647435
      ]
    ],
    "fy": 3444.390289,
    "fx": 3444.390289
  },
  {
    "id": 42,
    "img_name": "circle_0042",
    "width": 4082,
    "height": 2197,
    "position": [
      -2.614366,
      0.400131,
      2.689982
    ],
    "rotation": [
      [
        -0.705137,
        0.085681,
        0.703875
      ],
      [
        -0.141343,
        0.955766,
        -0.25794
      ],
      [
        -0.694841,
        -0.281371,
        -0.661836
      ]
    ],
    "fy": 3443.916219,
    "fx": 3443.916219
  },
  {
    "id": 43,
    "img_name": "circle_0043",
    "width": 4082,
    "height": 2197,
    "position": [
      -2.558784,
      0.409428,
      2.744467
    ],
    "rotation": [
      [
        -0.719598,
        0.083044,
        0.689408
      ],
      [
        -0.139235,
        0.955404,
        -0.260417
      ],
      [
        -0.680289,
        -0.283385,
        -0.675944
      ]
    ],
    "fy": 3443.442149,
    "fx": 3443.442149
  },
  {
    "id": 44,
    "img_name": "circle_0044",
    "width": 4083,
    "height": 2197,
    "position": [
      -2.502056,
      0.41855,
      2.797788
    ],
    "rotation": [
      [
        -0.733752,
        0.080363,
        0.674648
      ],
      [
        -0.137076,
        0.95505,
        -0.26285
      ],
      [
        -0.665446,
        -0.285345,
        -0.689754
      ]
    ],
    "fy": 3442.968079,
    "fx": 3442.968079
  },
  {
    "id": 45,
    "img_name": "circle_0045",
    "width": 4083,
    "height": 2197,
    "position": [
      -2.444208,
      0.427494,
      2.849923
    ],
    "rotation": [
      [
        -0.747594,
        0.07764,
        0.659602
      ],
      [
        -0.134869,
        0.954704,
        -0.265236
      ],
      [
        -0.650318,
        -0.287249,
        -0.70326
      ]
    ],
    "fy": 3442.494009,
    "fx": 3442.494009
  },
  {
    "id": 46,
    "img_name": "circle_0046",
    "width": 4083,
    "height": 2197,
    "position": [
      -2.385264,
      0.436255,
      2.900849
    ],
    "rotation": [
      [
        -0.761118,
        0.074875,
        0.644277
      ],
      [
        -0.132615,
        0.954367,
        -0.267577
      ],
      [
        -0.634912,
        -0.289098,
        -0.716456
      ]
    ],
    "fy": 3442.019938,
    "fx": 3442.019938
  },
  {
    "id": 47,
    "img_name": "circle_0047",
    "width": 4084,
    "height": 2197,
    "position": [
      -2.325252,
      0.444831,
      2.950542
    ],
    "rotation": [
      [
        -0.774318,
        0.07207,
        0.62868
      ],
      [
        -0.130313,
        0.954038,
        -0.269869
      ],
      [
        -0.619234,
        -0.290889,
        -0.729337
      ]
    ],
    "fy": 3441.545868,
    "fx": 3441.545868
  },
  {
    "id": 48,
    "img_name": "circle_0048",
    "width": 4084,
    "height": 2197,
    "position": [
      -2.264197,
      0.453216,
      2.998982
    ],
    "rotation": [
      [
        -0.787188,
        0.069226,
        0.612816
      ],
      [
        -0.127965,
        0.953719,
        -0.272113
      ],
      [
        -0.603291,
        -0.292623,
        -0.741897
      ]
    ],
    "fy": 3441.071798,
    "fx": 3441.071798
  },
  {
    "id": 49,
    "img_name": "circle_0049",
    "width": 4084,
    "height": 2197,
    "position": [
      -2.202125,
      0.461408,
      3.046147
    ],
    "rotation": [
      [
        -0.799723,
        0.066344,
        0.596693
      ],
      [
        -0.125573,
        0.953408,
        -0.274307
      ],
      [
        -0.58709,
        -0.294298,
        -0.754131
      ]
    ],
    "fy": 3440.597728,
    "fx": 3440.597728
  },
  {
    "id": 50,
    "img_name": "circle_0050",
    "width": 4085,
    "height": 2197,
    "position": [
      -2.139065,
      0.469403,
      3.092017
    ],
    "rotation": [
      [
        -0.811917,
        0.063426,
        0.580317
      ],
      [
        -0.123137,
        0.953107,
        -0.276451
      ],
      [
        -0.570638,
        -0.295914,
        -0.766033
      ]
    ],
    "fy": 3440.123658,
    "fx": 3440.123658
  },
  {
    "id": 51,
    "img_name": "circle_0051",
    "width": 4085,
    "height": 2197,
    "position": [
      -2.075044,
      0.477197,
      3.13657
    ],
    "rotation": [
      [
        -0.823766,
        0.060473,
        0.563695
      ],
      [
        -0.120659,
        0.952814,
        -0.278544
      ],
      [
        -0.553941,
        -0.297469,
        -0.777599
      ]
    ],
    "fy": 3439.649588,
    "fx": 3439.649588
  },
  {
    "id": 52,
    "img_name": "circle_0052",
    "width": 4085,
    "height": 2197,
    "position": [
      -2.010089,
      0.484787,
      3.179789
    ],
    "rotation": [
      [
        -0.835264,
        0.057485,
        0.546836
      ],
      [
        -0.118138,
        0.952531,
        -0.280584
      ],
      [
        -0.537007,
        -0.298964,
        -0.788824
      ]
    ],
    "fy": 3439.175517,
    "fx": 3439.175517
  },
  {
    "id": 53,
    "img_name": "circle_0053",
    "width": 4085,
    "height": 2197,
    "position": [
      -1.94423,
      0.492169,
      3.221653
    ],
    "rotation": [
      [
        -0.846407,
        0.054465,
        0.529744
      ],
      [
        -0.115578,
        0.952258,
        -0.282571
      ],
      [
        -0.519844,
        -0.300397,
        -0.799703
      ]
    ],
    "fy": 3438.701447,
    "fx": 3438.701447
  },
  {
    "id": 54,
    "img_name": "circle_0054",
    "width": 4086,
    "height": 2197,
    "position": [
      -1.877496,
      0.499341,
      3.262145
    ],
    "rotation": [
      [
        -0.857189,
        0.051413,
        0.512429
      ],
      [
        -0.112978,
        0.951994,
        -0.284505
      ],
      [
        -0.502457,
        -0.301767,
        -0.810231
      ]
    ],
    "fy": 3438.227377,
    "fx": 3438.227377
  },
  {
    "id": 55,
    "img_name": "circle_0055",
    "width": 4086,
    "height": 2197,
    "position": [
      -1.809914,
      0.5063,
      3.301246
    ],
    "rotation": [
      [
        -0.867606,
        0.048332,
        0.494897
      ],
      [
        -0.110339,
        0.95174,
        -0.286383
      ],
      [
        -0.484855,
        -0.303075,
        -0.820403
      ]
    ],
    "fy": 3437.753307,
    "fx": 3437.753307
  },
  {
    "id": 56,
    "img_name": "circle_0056",
    "width": 4086,
    "height": 2197,
    "position": [
      -1.741516,
      0.513041,
      3.33894
    ],
    "rotation": [
      [
        -0.877654,
        0.045221,
        0.477156
      ],
      [
        -0.107664,
        0.951496,
        -0.288207
      ],
      [
        -0.467045,
        -0.304318,
        -0.830216
      ]
    ],
    "fy": 3437.279237,
    "fx": 3437.279237
  },
  {
    "id": 57,
    "img_name": "circle_0057",
    "width": 4087,
    "height": 2197,
    "position": [
      -1.672332,
      0.519563,
      3.37521
    ],
    "rotation": [
      [
        -0.887329,
        0.042083,
        0.459213
      ],
      [
        -0.104953,
        0.951262,
        -0.289974
      ],
      [
        -0.449035,
        -0.305498,
        -0.839666
      ]
    ],
    "fy": 3436.805167,
    "fx": 3436.805167
  },
  {
    "id": 58,
    "img_name": "circle_0058",
    "width": 4087,
    "height": 2197,
    "position": [
      -1.60239,
      0.525861,
      3.41004
    ],
    "rotation": [
      [
        -0.896626,
        0.038919,
        0.441076
      ],
      [
        -0.102207,
        0.951038,
        -0.291684
      ],
      [
        -0.430832,
        -0.306613,
        -0.848747
      ]
    ],
    "fy": 3436.331096,
    "fx": 3436.331096
  },
  {
    "id": 59,
    "img_name": "circle_0059",
    "width": 4087,
    "height": 2197,
    "position": [
      -1.531723,
      0.531935,
      3.443415
    ],
    "rotation": [
      [
        -0.905541,
        0.035731,
        0.422753
      ],
      [
        -0.099427,
        0.950825,
        -0.293337
      ],
      [
        -0.412445,
        -0.307662,
        -0.857458
      ]
    ],
    "fy": 3435.857026,
    "fx": 3435.857026
  },
  {
    "id": 60,
    "img_name": "circle_0060",
    "width": 4087,
    "height": 2197,
    "position": [
      -1.460362,
      0.53778,
      3.47532
    ],
    "rotation": [
      [
        -0.91407,
        0.032519,
        0.404251
      ],
      [
        -0.096616,
        0.950621,
        -0.294932
      ],
      [
        -0.39388,
        -0.308645,
        -0.865793
      ]
    ],
    "fy": 3435.382956,
    "fx": 3435.382956
  },
  {
    "id": 61,
    "img_name": "circle_0061",
    "width": 4088,
    "height": 2197,
    "position": [
      -1.388336,
      0.543395,
      3.505741
    ],
    "rotation": [
      [
        -0.92221,
        0.029285,
        0.385578
      ],
      [
        -0.093773,
        0.950428,
        -0.296467
      ],
      [
        -0.375146,
        -0.309562,
        -0.873749
      ]
    ],
    "fy": 3434.908886,
    "fx": 3434.908886
  },
  {
    "id": 62,
    "img_name": "circle_0062",
    "width": 4088,
    "height": 2197,
    "position": [
      -1.315679,
      0.548777,
      3.534665
    ],
    "rotation": [
      [
        -0.929958,
        0.02603,
        0.366743
      ],
      [
        -0.0909,
        0.950246,
        -0.297943
      ],
      [
        -0.356251,
        -0.310412,
        -0.881323
      ]
    ],
    "fy": 3434.434816,
    "fx": 3434.434816
  },
  {
    "id": 63,
    "img_name": "circle_0063",
    "width": 4088,
    "height": 2198,
    "position": [
      -1.242422,
      0.553923,
      3.562079
    ],
    "rotation": [
      [
        -0.93731,
        0.022757,
        0.347752
      ],
      [
        -0.087999,
        0.950074,
        -0.299359
      ],
      [
        -0.337203,
        -0.311194,
        -0.888511
      ]
    ],
    "fy": 3433.960746,
    "fx": 3433.960746
  },
  {
    "id": 64,
    "img_name": "circle_0064",
    "width": 4089,
    "height": 2198,
    "position": [
      -1.168597,
      0.558831,
      3.587971
    ],
    "rotation": [
      [
        -0.944263,
        0.019466,
        0.328616
      ],
      [
        -0.08507,
        0.949912,
        -0.300715
      ],
      [
        -0.31801,
        -0.311909,
        -0.895311
      ]
    ],
    "fy": 3433.486675,
    "fx": 3433.486675
  },
  {
    "id": 65,
    "img_name": "circle_0065",
    "width": 4089,
    "height": 2198,
    "position": [
      -1.094236,
      0.563499,
      3.612329
    ],
    "rotation": [
      [
        -0.950814,
        0.016159,
        0.30934
      ],
      [
        -0.082115,
        0.949762,
        -0.302009
      ],
      [
        -0.29868,
        -0.312556,
        -0.90172
      ]
    ],
    "fy": 3433.012605,
    "fx": 3433.012605
  },
  {
    "id": 66,
    "img_name": "circle_0066",
    "width": 4089,
    "height": 2198,
    "position": [
      -1.019373,
      0.567926,
      3.635144
    ],
    "rotation": [
      [
        -0.95696,
        0.012837,
        0.289934
      ],
      [
        -0.079136,
        0.949622,
        -0.303241
      ],
      [
        -0.279221,
        -0.313134,
        -0.907735
      ]
    ],
    "fy": 3432.538535,
    "fx": 3432.538535
  },
  {
    "id": 67,
    "img_name": "circle_0067",
    "width": 4090,
    "height": 2198,
    "position": [
      -0.944039,
      0.572109,
      3.656405
    ],
    "rotation": [
      [
        -0.962699,
        0.009502,
        0.270407
      ],
      [
        -0.076133,
        0.949493,
        -0.304411
      ],
      [
        -0.259642,
        -0.313643,
        -0.913353
      ]
    ],
    "fy": 3432.064465,
    "fx": 3432.064465
  },
  {
    "id": 68,
    "img_name": "circle_0068",
    "width": 4090,
    "height": 2198,
    "position": [
      -0.868269,
      0.576046,
      3.676103
    ],
    "rotation": [
      [
        -0.968028,
        0.006154,
        0.250765
      ],
      [
        -0.073108,
        0.949375,
        -0.305519
      ],
      [
        -0.23995,
        -0.314084,
        -0.918572
      ]
    ],
    "fy": 3431.590395,
    "fx": 3431.590395
  },
  {
    "id": 69,
    "img_name": "circle_0069",
    "width": 4090,
    "height": 2198,
    "position": [
      -0.792094,
      0.579735,
      3.694228
    ],
    "rotation": [
      [
        -0.972945,
        0.002797,
        0.231018
      ],
      [
        -0.070062,
        0.949268,
        -0.306563
      ],
      [
        -0.220155,
        -0.314455,
        -0.92339
      ]
    ],
    "fy": 3431.116325,
    "fx": 3431.116325
  },
  {
    "id": 70,
    "img_name": "circle_0070",
    "width": 4090,
    "height": 2198,
    "position": [
      -0.715549,
      0.583176,
      3.710774
    ],
    "rotation": [
      [
        -0.977448,
        -0.00057,
        0.211174
      ],
      [
        -0.066997,
        0.949172,
        -0.307544
      ],
      [
        -0.200265,
        -0.314756,
        -0.927805
      ]
    ],
    "fy": 3430.642254,
    "fx": 3430.642254
  },
  {
    "id": 71,
    "img_name": "circle_0071",
    "width": 4091,
    "height": 2198,
    "position": [
      -0.638668,
      0.586365,
      3.725733
    ],
    "rotation": [
      [
        -0.981535,
        -0.003943,
        0.191241
      ],
      [
        -0.063913,
        0.949088,
        -0.30846
      ],
      [
        -0.180288,
        -0.314988,
        -0.931815
      ]
    ],
    "fy": 3430.168184,
    "fx": 3430.168184
  },
  {
    "id": 72,
    "img_name": "circle_0072",
    "width": 4091,
    "height": 2198,
    "position": [
      -0.561483,
      0.589303,
      3.739097
    ],
    "rotation": [
      [
        -0.985204,
        -0.007323,
        0.171228
      ],
      [
        -0.060813,
        0.949014,
        -0.309313
      ],
      [
        -0.160233,
        -0.315149,
        -0.935418
      ]
    ],
    "fy": 3429.694114,
    "fx": 3429.694114
  },
  {
    "id": 73,
    "img_name": "circle_0073",
    "width": 4091,
    "height": 2198,
    "position": [
      -0.48403,
      0.591988,
      3.750863
    ],
    "rotation": [
      [
        -0.988454,
        -0.010707,
        0.151144
      ],
      [
        -0.057697,
        0.948951,
        -0.310101
      ],
      [
        -0.140108,
        -0.315241,
        -0.938612
      ]
    ],
    "fy": 3429.220044,
    "fx": 3429.220044
  },
  {
    "id": 74,
    "img_name": "circle_0074",
    "width": 4092,
    "height": 2198,
    "position": [
      -0.406341,
      0.594418,
      3.761023
    ],
    "rotation": [
      [
        -0.991283,
        -0.014095,
        0.130996
      ],
      [
        -0.054567,
        0.9489,
        -0.310824
      ],
      [
        -0.119922,
        -0.315262,
        -0.941397
      ]
    ],
    "fy": 3428.745974,
    "fx": 3428.745974
  },
  {
    "id": 75,
    "img_name": "circle_0075",
    "width": 4092,
    "height": 2198,
    "position": [
      -0.32845,
      0.596593,
      3.769574
    ],
    "rotation": [
      [
        -0.99369,
        -0.017483,
        0.110794
      ],
      [
        -0.051424,
        0.94886,
        -0.311481
      ],
      [
        -0.099683,
        -0.315213,
        -0.943771
      ]
    ],
    "fy": 3428.271904,
    "fx": 3428.271904
  },
  {
    "id": 76,
    "img_name": "circle_0076",
    "width": 4092,
    "height": 2198,
    "position": [
      -0.250393,
      0.598511,
      3.776513
    ],
    "rotation": [
      [
        -0.99572,
        -0.020851,
        0.090038
      ],
      [
        -0.048081,
        0.94887,
        -0.311983
      ],
      [
        -0.078929,
        -0.314977,
        -0.945812
      ]
    ],
    "fy": 3427.797833,
    "fx": 3427.797833
  },
  {
    "id": 77,
    "img_name": "circle_0077",
    "width": 4093,
    "height": 2198,
    "position": [
      -0.172203,
      0.600172,
      3.781835
    ],
    "rotation": [
      [
        -0.997316,
        -0.024207,
        0.069105
      ],
      [
        -0.044678,
        0.948902,
        -0.312391
      ],
      [
        -0.058012,
        -0.31464,
        -0.947437
      ]
    ],
    "fy": 3427.323763,
    "fx": 3427.323763
  },
  {
    "id": 78,
    "img_name": "circle_0078",
    "width": 4093,
    "height": 2198,
    "position": [
      -0.093915,
      0.601575,
      3.785539
    ],
    "rotation": [
      [
        -0.99846,
        -0.027553,
        0.048142
      ],
      [
        -0.041265,
        0.948946,
        -0.312729
      ],
      [
        -0.037067,
        -0.314234,
        -0.948622
      ]
    ],
    "fy": 3426.849693,
    "fx": 3426.849693
  },
  {
    "id": 79,
    "img_name": "circle_0079",
    "width": 4093,
    "height": 2198,
    "position": [
      -0.015562,
      0.602719,
      3.787623
    ],
    "rotation": [
      [
        -0.999154,
        -0.030888,
        0.027156
      ],
      [
        -0.037845,
        0.949,
        -0.312997
      ],
      [
        -0.016104,
        -0.313759,
        -0.949366
      ]
    ],
    "fy": 3426.375623,
    "fx": 3426.375623
  },
  {
    "id": 80,
    "img_name": "circle_0080",
    "width": 4093,
    "height": 2198,
    "position": [
      0.06282,
      0.603604,
      3.788086
    ],
    "rotation": [
      [
        -0.999396,
        -0.034211,
        0.006159
      ],
      [
        -0.034418,
        0.949065,
        -0.313194
      ],
      [
        0.004869,
        -0.313216,
        -0.949669
      ]
    ],
    "fy": 3425.901553,
    "fx": 3425.901553
  },
  {
    "id": 81,
    "img_name": "circle_0081",
    "width": 4094,
    "height": 2198,
    "position": [
      0.141198,
      0.60423,
      3.786929
    ],
    "rotation": [
      [
        -0.999186,
        -0.03752,
        -0.01484
      ],
      [
        -0.030987,
        0.949142,
        -0.31332
      ],
      [
        0.025841,
        -0.312605,
        -0.949532
      ]
    ],
    "fy": 3425.427483,
    "fx": 3425.427483
  },
  {
    "id": 82,
    "img_name": "circle_0082",
    "width": 4094,
    "height": 2198,
    "position": [
      0.219536,
      0.604596,
      3.78415
    ],
    "rotation": [
      [
        -0.998524,
        -0.040814,
        -0.035833
      ],
      [
        -0.027553,
        0.949229,
        -0.313376
      ],
      [
        0.046804,
        -0.311926,
        -0.948953
      ]
    ],
    "fy": 3424.953412,
    "fx": 3424.953412
  },
  {
    "id": 83,
    "img_name": "circle_0083",
    "width": 4094,
    "height": 2198,
    "position": [
      0.297802,
      0.604702,
      3.779752
    ],
    "rotation": [
      [
        -0.997411,
        -0.044091,
        -0.056809
      ],
      [
        -0.024117,
        0.949328,
        -0.313361
      ],
      [
        0.067747,
        -0.31118,
        -0.947933
      ]
    ],
    "fy": 3424.479342,
    "fx": 3424.479342
  },
  {
    "id": 84,
    "img_name": "circle_0084",
    "width": 4095,
    "height": 2198,
    "position": [
      0.375959,
      0.604547,
      3.773737
    ],
    "rotation": [
      [
        -0.995847,
        -0.04735,
        -0.07776
      ],
      [
        -0.020682,
        0.949437,
        -0.313276
      ],
      [
        0.088661,
        -0.310366,
        -0.946473
      ]
    ],
    "fy": 3424.005272,
    "fx": 3424.005272
  },
  {
    "id": 85,
    "img_name": "circle_0085",
    "width": 4095,
    "height": 2198,
    "position": [
      0.453975,
      0.604133,
      3.766107
    ],
    "rotation": [
      [
        -0.993833,
        -0.05059,
        -0.098674
      ],
      [
        -0.017248,
        0.949557,
        -0.313119
      ],
      [
        0.109538,
        -0.309486,
        -0.944574
      ]
    ],
    "fy": 3423.531202,
    "fx": 3423.531202
  },
  {
    "id": 86,
    "img_name": "circle_0086",
    "width": 4095,
    "height": 2198,
    "position": [
      0.531814,
      0.603459,
      3.756865
    ],
    "rotation": [
      [
        -0.99137,
        -0.053809,
        -0.119544
      ],
      [
        -0.013816,
        0.949688,
        -0.312892
      ],
      [
        0.130366,
        -0.30854,
        -0.942236
      ]
    ],
    "fy": 3423.057132,
    "fx": 3423.057132
  },
  {
    "id": 87,
    "img_name": "circle_0087",
    "width": 4095,
    "height": 2198,
    "position": [
      0.609443,
      0.602526,
      3.746016
    ],
    "rotation": [
      [
        -0.988458,
        -0.057005,
        -0.14036
      ],
      [
        -0.01039,
        0.94983,
        -0.312594
      ],
      [
        0.151137,
        -0.307528,
        -0.939459
      ]
    ],
    "fy": 3422.583062,
    "fx": 3422.583062
  },
  {
    "id": 88,
    "img_name": "circle_0088",
    "width": 4096,
    "height": 2199,
    "position": [
      0.686828,
      0.601333,
      3.733565
    ],
    "rotation": [
      [
        -0.9851,
        -0.060178,
        -0.161111
      ],
      [
        -0.006969,
        0.949982,
        -0.312226
      ],
      [
        0.171842,
        -0.306451,
        -0.936247
      ]
    ],
    "fy": 3422.108991,
    "fx": 3422.108991
  },
  {
    "id": 89,
    "img_name": "circle_0089",
    "width": 4096,
    "height": 2199,
    "position": [
      0.763934,
      0.599882,
      3.719516
    ],
    "rotation": [
      [
        -0.981296,
        -0.063326,
        -0.18179
      ],
      [
        -0.003556,
        0.950145,
        -0.311787
      ],
      [
        0.192471,
        -0.305309,
        -0.932599
      ]
    ],
    "fy": 3421.634921,
