[
  {
    "id": 0,
    "img_name": "circle_0000",
    "width": 4103,
    "height": 2199,
    "position": [
      0.563285,
      0.878197,
      -0.962127
    ],
    "rotation": [
      [
        0.901568,
        -0.083193,
        -0.424564
      ],
      [
        -0.051693,
        0.953594,
        -0.296625
      ],
      [
        0.429539,
        0.289374,
        0.855429
      ]
    ],
    "fy": 3292.666581,
    "fx": 3292.666581
  },
  {
    "id": 1,
    "img_name": "circle_0001",
    "width": 4103,
    "height": 2199,
    "position": [
      0.635074,
      0.873464,
      -0.928704
    ],
    "rotation": [
      [
        0.8924,
        -0.086693,
        -0.442838
      ],
      [
        -0.053938,
        0.953842,
        -0.295425
      ],
      [
        0.448009,
        0.287523,
        0.846533
      ]
    ],
    "fy": 3292.618911,
    "fx": 3292.618911
  },
  {
    "id": 2,
    "img_name": "circle_0002",
    "width": 4104,
    "height": 2199,
    "position": [
      0.706142,
      0.868562,
      -0.893795
    ],
    "rotation": [
      [
        0.882849,
        -0.090156,
        -0.460922
      ],
      [
        -0.056156,
        0.954098,
        -0.294183
      ],
      [
        0.466287,
        0.285603,
        0.837262
      ]
    ],
    "fy": 3292.571241,
    "fx": 3292.571241
  },
  {
    "id": 3,
    "img_name": "circle_0003",
    "width": 4104,
    "height": 2199,
    "position": [
      0.776457,
      0.863493,
      -0.857413
    ],
    "rotation": [
      [
        0.872918,
        -0.093581,
        -0.478807
      ],
      [
        -0.058347,
        0.954362,
        -0.292898
      ],
      [
        0.484365,
        0.283613,
        0.82762
      ]
    ],
    "fy": 3292.523571,
    "fx": 3292.523571
  },
  {
    "id": 4,
    "img_name": "circle_0004",
    "width": 4104,
    "height": 2199,
    "position": [
      0.84599,
      0.858258,
      -0.819575
    ],
    "rotation": [
      [
        0.862612,
        -0.096965,
        -0.496486
      ],
      [
        -0.060508,
        0.954633,
        -0.291573
      ],
      [
        0.502234,
        0.281556,
        0.817611
      ]
    ],
    "fy": 3292.4759,
    "fx": 3292.4759
  },
  {
    "id": 5,
    "img_name": "circle_0005",
    "width": 4104,
    "height": 2199,
    "position": [
      0.914709,
      0.852862,
      -0.780298
    ],
    "rotation": [
      [
        0.851934,
        -0.100309,
        -0.513951
      ],
      [
        -0.062641,
        0.954912,
        -0.290206
      ],
      [
        0.519888,
        0.279431,
        0.807239
      ]
    ],
    "fy": 3292.42823,
    "fx": 3292.42823
  },
  {
    "id": 6,
    "img_name": "circle_0006",
    "width": 4105,
    "height": 2199,
    "position": [
      0.982585,
      0.847304,
      -0.739598
    ],
    "rotation": [
      [
        0.84089,
        -0.103609,
        -0.531195
      ],
      [
        -0.064742,
        0.955198,
        -0.288799
      ],
      [
        0.537319,
        0.277239,
        0.796509
      ]
    ],
    "fy": 3292.38056,
    "fx": 3292.38056
  },
  {
    "id": 7,
    "img_name": "circle_0007",
    "width": 4105,
    "height": 2199,
    "position": [
      1.049587,
      0.841589,
      -0.697494
    ],
    "rotation": [
      [
        0.829484,
        -0.106866,
        -0.548211
      ],
      [
        -0.066813,
        0.955492,
        -0.287353
      ],
      [
        0.554519,
        0.274982,
        0.785425
      ]
    ],
    "fy": 3292.33289,
    "fx": 3292.33289
  },
  {
    "id": 8,
    "img_name": "circle_0008",
    "width": 4105,
    "height": 2199,
    "position": [
      1.115686,
      0.835719,
      -0.654003
    ],
    "rotation": [
      [
        0.817722,
        -0.110077,
        -0.564991
      ],
      [
        -0.068851,
        0.955793,
        -0.285867
      ],
      [
        0.571481,
        0.27266,
        0.773993
      ]
    ],
    "fy": 3292.28522,
    "fx": 3292.28522
  },
  {
    "id": 9,
    "img_name": "circle_0009",
    "width": 4105,
    "height": 2199,
    "position": [
      1.180853,
      0.829695,
      -0.609145
    ],
    "rotation": [
      [
        0.805607,
        -0.113242,
        -0.581527
      ],
      [
        -0.070857,
        0.9561,
        -0.284343
      ],
      [
        0.588198,
        0.270274,
        0.762217
      ]
    ],
    "fy": 3292.23755,
    "fx": 3292.23755
  },
  {
    "id": 10,
    "img_name": "circle_0010",
    "width": 4106,
    "height": 2199,
    "position": [
      1.245059,
      0.823522,
      -0.56294
    ],
    "rotation": [
      [
        0.793146,
        -0.116359,
        -0.597813
      ],
      [
        -0.072829,
        0.956415,
        -0.282782
      ],
      [
        0.604662,
        0.267825,
        0.750103
      ]
    ],
    "fy": 3292.18988,
    "fx": 3292.18988
  },
  {
    "id": 11,
    "img_name": "circle_0011",
    "width": 4106,
    "height": 2199,
    "position": [
      1.308277,
      0.817201,
      -0.515407
    ],
    "rotation": [
      [
        0.780343,
        -0.119426,
        -0.613842
      ],
      [
        -0.074766,
        0.956737,
        -0.281184
      ],
      [
        0.620866,
        0.265314,
        0.737655
      ]
    ],
    "fy": 3292.142209,
    "fx": 3292.142209
  },
  {
    "id": 12,
    "img_name": "circle_0012",
    "width": 4106,
    "height": 2199,
    "position": [
      1.370478,
      0.810735,
      -0.466567
    ],
    "rotation": [
      [
        0.767205,
        -0.122443,
        -0.629606
      ],
      [
        -0.076668,
        0.957065,
        -0.279549
      ],
      [
        0.636803,
        0.262742,
        0.724878
      ]
    ],
    "fy": 3292.094539,
    "fx": 3292.094539
  },
  {
    "id": 13,
    "img_name": "circle_0013",
    "width": 4106,
    "height": 2199,
    "position": [
      1.431635,
      0.804128,
      -0.416442
    ],
    "rotation": [
      [
        0.753737,
        -0.125408,
        -0.645099
      ],
      [
        -0.078534,
        0.9574,
        -0.277879
      ],
      [
        0.652467,
        0.26011,
        0.711779
      ]
    ],
    "fy": 3292.046869,
    "fx": 3292.046869
  },
  {
    "id": 14,
    "img_name": "circle_0014",
    "width": 4107,
    "height": 2199,
    "position": [
      1.491722,
      0.797381,
      -0.365054
    ],
    "rotation": [
      [
        0.739945,
        -0.128321,
        -0.660315
      ],
      [
        -0.080363,
        0.957742,
        -0.276174
      ],
      [
        0.66785,
        0.257419,
        0.698364
      ]
    ],
    "fy": 3291.999199,
    "fx": 3291.999199
  },
  {
    "id": 15,
    "img_name": "circle_0015",
    "width": 4107,
    "height": 2199,
    "position": [
      1.550711,
      0.790499,
      -0.312425
    ],
    "rotation": [
      [
        0.725834,
        -0.131179,
        -0.675246
      ],
      [
        -0.082155,
        0.95809,
        -0.274436
      ],
      [
        0.682947,
        0.254669,
        0.684637
      ]
    ],
    "fy": 3291.951529,
    "fx": 3291.951529
  },
  {
    "id": 16,
    "img_name": "circle_0016",
    "width": 4107,
    "height": 2200,
    "position": [
      1.608577,
      0.783483,
      -0.258578
    ],
    "rotation": [
      [
        0.711411,
        -0.133982,
        -0.689887
      ],
      [
        -0.083908,
        0.958444,
        -0.272664
      ],
      [
        0.69775,
        0.251863,
        0.670605
      ]
    ],
    "fy": 3291.903859,
    "fx": 3291.903859
  },
  {
    "id": 17,
    "img_name": "circle_0017",
    "width": 4107,
    "height": 2200,
    "position": [
      1.665295,
      0.776338,
      -0.203537
    ],
    "rotation": [
      [
        0.696681,
        -0.136728,
        -0.70423
      ],
      [
        -0.085623,
        0.958803,
        -0.270859
      ],
      [
        0.712253,
        0.249001,
        0.656273
      ]
    ],
    "fy": 3291.856189,
    "fx": 3291.856189
  },
  {
    "id": 18,
    "img_name": "circle_0018",
    "width": 4108,
    "height": 2200,
    "position": [
      1.720839,
      0.769065,
      -0.147326
    ],
    "rotation": [
      [
        0.681652,
        -0.139417,
        -0.718271
      ],
      [
        -0.087297,
        0.959169,
        -0.269023
      ],
      [
        0.72645,
        0.246084,
        0.641649
      ]
    ],
    "fy": 3291.808518,
    "fx": 3291.808518
  },
  {
    "id": 19,
    "img_name": "circle_0019",
    "width": 4108,
    "height": 2200,
    "position": [
      1.775185,
      0.761669,
      -0.089969
    ],
    "rotation": [
      [
        0.66633,
        -0.142048,
        -0.732002
      ],
      [
        -0.088932,
        0.959541,
        -0.267156
      ],
      [
        0.740335,
        0.243113,
        0.626738
      ]
    ],
    "fy": 3291.760848,
    "fx": 3291.760848
  },
  {
    "id": 20,
    "img_name": "circle_0020",
    "width": 4108,
    "height": 2200,
    "position": [
      1.828309,
      0.754153,
      -0.031492
    ],
    "rotation": [
      [
        0.650721,
        -0.144619,
        -0.745418
      ],
      [
        -0.090526,
        0.959918,
        -0.265259
      ],
      [
        0.753901,
        0.24009,
        0.611547
      ]
    ],
    "fy": 3291.713178,
    "fx": 3291.713178
  },
  {
    "id": 21,
    "img_name": "circle_0021",
    "width": 4109,
    "height": 2200,
    "position": [
      1.880189,
      0.74652,
      0.02808
    ],
    "rotation": [
      [
        0.634832,
        -0.147128,
        -0.758513
      ],
      [
        -0.092078,
        0.9603,
        -0.263334
      ],
      [
        0.767144,
        0.237015,
        0.596082
      ]
    ],
    "fy": 3291.665508,
    "fx": 3291.665508
  },
  {
    "id": 22,
    "img_name": "circle_0022",
    "width": 4109,
    "height": 2200,
    "position": [
      1.9308,
      0.738772,
      0.08872
    ],
    "rotation": [
      [
        0.61867,
        -0.149576,
        -0.771281
      ],
      [
        -0.093589,
        0.960688,
        -0.261379
      ],
      [
        0.780057,
        0.233891,
        0.580351
      ]
    ],
    "fy": 3291.617838,
    "fx": 3291.617838
  },
  {
    "id": 23,
    "img_name": "circle_0023",
    "width": 4109,
    "height": 2200,
    "position": [
      1.980121,
      0.730915,
      0.150403
    ],
    "rotation": [
      [
        0.602242,
        -0.151962,
        -0.783717
      ],
      [
        -0.095056,
        0.961081,
        -0.259398
      ],
      [
        0.792634,
        0.230717,
        0.564359
      ]
    ],
    "fy": 3291.570168,
    "fx": 3291.570168
  },
  {
    "id": 24,
    "img_name": "circle_0024",
    "width": 4109,
    "height": 2200,
    "position": [
      2.02813,
      0.72295,
      0.213101
    ],
    "rotation": [
      [
        0.585555,
        -0.154283,
        -0.795816
      ],
      [
        -0.09648,
        0.961479,
        -0.257389
      ],
      [
        0.804871,
        0.227496,
        0.548113
      ]
    ],
    "fy": 3291.522498,
    "fx": 3291.522498
  },
  {
    "id": 25,
    "img_name": "circle_0025",
    "width": 4110,
    "height": 2200,
    "position": [
      2.074807,
      0.714882,
      0.276787
    ],
    "rotation": [
      [
        0.568616,
        -0.15654,
        -0.807572
      ],
      [
        -0.097861,
        0.961882,
        -0.255355
      ],
      [
        0.816762,
        0.224229,
        0.531622
      ]
    ],
    "fy": 3291.474827,
    "fx": 3291.474827
  },
  {
    "id": 26,
    "img_name": "circle_0026",
    "width": 4110,
    "height": 2200,
    "position": [
      2.120129,
      0.706715,
      0.341433
    ],
    "rotation": [
      [
        0.551432,
        -0.158731,
        -0.81898
      ],
      [
        -0.099197,
        0.962289,
        -0.253297
      ],
      [
        0.828301,
        0.220916,
        0.514891
      ]
    ],
    "fy": 3291.427157,
    "fx": 3291.427157
  },
  {
    "id": 27,
    "img_name": "circle_0027",
    "width": 4110,
    "height": 2200,
    "position": [
      2.164079,
      0.69845,
      0.40701
    ],
    "rotation": [
      [
        0.534011,
        -0.160855,
        -0.830035
      ],
      [
        -0.100488,
        0.962701,
        -0.251214
      ],
      [
        0.839485,
        0.21756,
        0.497929
      ]
    ],
    "fy": 3291.379487,
    "fx": 3291.379487
  },
  {
    "id": 28,
    "img_name": "circle_0028",
    "width": 4110,
    "height": 2200,
    "position": [
      2.206635,
      0.690094,
      0.47349
    ],
    "rotation": [
      [
        0.51636,
        -0.162912,
        -0.840733
      ],
      [
        -0.101734,
        0.963117,
        -0.249109
      ],
      [
        0.850308,
        0.214161,
        0.480741
      ]
    ],
    "fy": 3291.331817,
    "fx": 3291.331817
  },
  {
    "id": 29,
    "img_name": "circle_0029",
    "width": 4111,
    "height": 2200,
    "position": [
      2.24778,
      0.681648,
      0.540843
    ],
    "rotation": [
      [
        0.498487,
        -0.1649,
        -0.851069
      ],
      [
        -0.102934,
        0.963538,
        -0.246981
      ],
      [
        0.860765,
        0.210721,
        0.463337
      ]
    ],
    "fy": 3291.284147,
    "fx": 3291.284147
  },
  {
    "id": 30,
    "img_name": "circle_0030",
    "width": 4111,
    "height": 2200,
    "position": [
      2.287495,
      0.673117,
      0.609041
    ],
    "rotation": [
      [
        0.480399,
        -0.166819,
        -0.861039
      ],
      [
        -0.104087,
        0.963962,
        -0.244833
      ],
      [
        0.870852,
        0.207241,
        0.445723
      ]
    ],
    "fy": 3291.236477,
    "fx": 3291.236477
  },
  {
    "id": 31,
    "img_name": "circle_0031",
    "width": 4111,
    "height": 2200,
    "position": [
      2.325764,
      0.664504,
      0.678053
    ],
    "rotation": [
      [
        0.462105,
        -0.168668,
        -0.870638
      ],
      [
        -0.105194,
        0.96439,
        -0.242664
      ],
      [
        0.880564,
        0.203722,
        0.427906
      ]
    ],
    "fy": 3291.188806,
    "fx": 3291.188806
  },
  {
    "id": 32,
    "img_name": "circle_0032",
    "width": 4111,
    "height": 2200,
    "position": [
      2.362568,
      0.655813,
      0.747849
    ],
    "rotation": [
      [
        0.443612,
        -0.170447,
        -0.879862
      ],
      [
        -0.106254,
        0.964822,
        -0.240477
      ],
      [
        0.889898,
        0.200167,
        0.409896
      ]
    ],
    "fy": 3291.141136,
    "fx": 3291.141136
  },
  {
    "id": 33,
    "img_name": "circle_0033",
    "width": 4112,
    "height": 2200,
    "position": [
      2.397892,
      0.647048,
      0.818398
    ],
    "rotation": [
      [
        0.424928,
        -0.172153,
        -0.888707
      ],
      [
        -0.107266,
        0.965257,
        -0.238271
      ],
      [
        0.898849,
        0.196576,
        0.391699
      ]
    ],
    "fy": 3291.093466,
    "fx": 3291.093466
  },
  {
    "id": 34,
    "img_name": "circle_0034",
    "width": 4112,
    "height": 2200,
    "position": [
      2.43172,
      0.638214,
      0.889671
    ],
    "rotation": [
      [
        0.406061,
        -0.173788,
        -0.897169
      ],
      [
        -0.108231,
        0.965695,
        -0.236048
      ],
      [
        0.907414,
        0.192951,
        0.373322
      ]
    ],
    "fy": 3291.045796,
    "fx": 3291.045796
  },
  {
    "id": 35,
    "img_name": "circle_0035",
    "width": 4112,
    "height": 2200,
    "position": [
      2.464037,
      0.629312,
      0.961634
    ],
    "rotation": [
      [
        0.38702,
        -0.17535,
        -0.905245
      ],
      [
        -0.109147,
        0.966137,
        -0.233808
      ],
      [
        0.915589,
        0.189293,
        0.354776
      ]
    ],
    "fy": 3290.998126,
    "fx": 3290.998126
  },
  {
    "id": 36,
    "img_name": "circle_0036",
    "width": 4112,
    "height": 2200,
    "position": [
      2.49483,
      0.620349,
      1.034257
    ],
    "rotation": [
      [
        0.367812,
        -0.176838,
        -0.912931
      ],
      [
        -0.110014,
        0.966581,
        -0.231554
      ],
      [
        0.923369,
        0.185604,
        0.336066
      ]
    ],
    "fy": 3290.950456,
    "fx": 3290.950456
  },
  {
    "id": 37,
    "img_name": "circle_0037",
    "width": 4113,
    "height": 2200,
    "position": [
      2.524084,
      0.611327,
      1.107508
    ],
    "rotation": [
      [
        0.348446,
        -0.178251,
        -0.920224
      ],
      [
        -0.110833,
        0.967029,
        -0.229285
      ],
      [
        0.930753,
        0.181884,
        0.317201
      ]
    ],
    "fy": 3290.902786,
    "fx": 3290.902786
  },
  {
    "id": 38,
    "img_name": "circle_0038",
    "width": 4113,
    "height": 2200,
    "position": [
      2.551787,
      0.60225,
      1.181355
    ],
    "rotation": [
      [
        0.32893,
        -0.17959,
        -0.927121
      ],
      [
        -0.111602,
        0.967479,
        -0.227003
      ],
      [
        0.937737,
        0.178137,
        0.29819
      ]
    ],
    "fy": 3290.855115,
    "fx": 3290.855115
  },
  {
    "id": 39,
    "img_name": "circle_0039",
    "width": 4113,
    "height": 2200,
    "position": [
      2.577927,
      0.593123,
      1.255766
    ],
    "rotation": [
      [
        0.309272,
        -0.180854,
        -0.933618
      ],
      [
        -0.112322,
        0.967931,
        -0.224709
      ],
      [
        0.944317,
        0.174362,
        0.27904
      ]
    ],
    "fy": 3290.807445,
    "fx": 3290.807445
  },
  {
    "id": 40,
    "img_name": "circle_0040",
    "width": 4114,
    "height": 2200,
    "position": [
      2.602491,
      0.58395,
      1.330707
    ],
    "rotation": [
      [
        0.289482,
        -0.182041,
        -0.939713
      ],
      [
        -0.112992,
        0.968385,
        -0.222403
      ],
      [
        0.950491,
        0.170562,
        0.259761
      ]
    ],
    "fy": 3290.759775,
    "fx": 3290.759775
  },
  {
    "id": 41,
    "img_name": "circle_0041",
    "width": 4114,
    "height": 2200,
    "position": [
      2.625469,
      0.574734,
      1.406146
    ],
    "rotation": [
      [
        0.269567,
        -0.183152,
        -0.945404
      ],
      [
        -0.113612,
        0.968841,
        -0.220087
      ],
      [
        0.956256,
        0.166738,
        0.240359
      ]
    ],
    "fy": 3290.712105,
    "fx": 3290.712105
  },
  {
    "id": 42,
    "img_name": "circle_0042",
    "width": 4114,
    "height": 2200,
    "position": [
      2.646851,
      0.565479,
      1.48205
    ],
    "rotation": [
      [
        0.249535,
        -0.184186,
        -0.950688
      ],
      [
        -0.114182,
        0.9693,
        -0.217762
      ],
      [
        0.96161,
        0.162891,
        0.220844
      ]
    ],
    "fy": 3290.664435,
    "fx": 3290.664435
  },
  {
    "id": 43,
    "img_name": "circle_0043",
    "width": 4114,
    "height": 2200,
    "position": [
      2.666627,
      0.55619,
      1.558386
    ],
    "rotation": [
      [
        0.229397,
        -0.185143,
        -0.955562
      ],
      [
        -0.114702,
        0.96976,
        -0.215429
      ],
      [
        0.966551,
        0.159024,
        0.201224
      ]
    ],
    "fy": 3290.616765,
    "fx": 3290.616765
  },
  {
    "id": 44,
    "img_name": "circle_0044",
    "width": 4115,
    "height": 2200,
    "position": [
      2.68479,
      0.546871,
      1.635121
    ],
    "rotation": [
      [
        0.20916,
        -0.186021,
        -0.960025
      ],
      [
        -0.115171,
        0.970221,
        -0.213089
      ],
      [
        0.971076,
        0.155137,
        0.181507
      ]
    ],
    "fy": 3290.569095,
    "fx": 3290.569095
  },
  {
    "id": 45,
    "img_name": "circle_0045",
    "width": 4115,
    "height": 2200,
    "position": [
      2.70133,
      0.537525,
      1.712219
    ],
    "rotation": [
      [
        0.188833,
        -0.186822,
        -0.964075
      ],
      [
        -0.11559,
        0.970683,
        -0.210743
      ],
      [
        0.975183,
        0.151232,
        0.161702
      ]
    ],
    "fy": 3290.521424,
    "fx": 3290.521424
  },
  {
    "id": 46,
    "img_name": "circle_0046",
    "width": 4115,
    "height": 2201,
    "position": [
      2.71624,
      0.528157,
      1.789649
    ],
    "rotation": [
      [
        0.168424,
        -0.187543,
        -0.967709
      ],
      [
        -0.115958,
        0.971147,
        -0.208392
      ],
      [
        0.97887,
        0.147311,
        0.141818
      ]
    ],
    "fy": 3290.473754,
    "fx": 3290.473754
  },
  {
    "id": 47,
    "img_name": "circle_0047",
    "width": 4115,
    "height": 2201,
    "position": [
      2.729514,
      0.518772,
      1.867375
    ],
    "rotation": [
      [
        0.147943,
        -0.188186,
        -0.970927
      ],
      [
        -0.116274,
        0.971612,
        -0.206036
      ],
      [
        0.982137,
        0.143376,
        0.121862
      ]
    ],
    "fy": 3290.426084,
    "fx": 3290.426084
  },
  {
    "id": 48,
    "img_name": "circle_0048",
    "width": 4116,
    "height": 2201,
    "position": [
      2.741145,
      0.509372,
      1.945364
    ],
    "rotation": [
      [
        0.127399,
        -0.18875,
        -0.973726
      ],
      [
        -0.11654,
        0.972077,
        -0.203678
      ],
      [
        0.984981,
        0.139427,
        0.101844
      ]
    ],
    "fy": 3290.378414,
    "fx": 3290.378414
  },
  {
    "id": 49,
    "img_name": "circle_0049",
    "width": 4116,
    "height": 2201,
    "position": [
      2.75113,
      0.499962,
      2.023582
    ],
    "rotation": [
      [
        0.106799,
        -0.189234,
        -0.976107
      ],
      [
        -0.116755,
        0.972543,
        -0.201318
      ],
      [
        0.987402,
        0.135466,
        0.081773
      ]
    ],
    "fy": 3290.330744,
    "fx": 3290.330744
  },
  {
    "id": 50,
    "img_name": "circle_0050",
    "width": 4116,
    "height": 2201,
    "position": [
      2.759463,
      0.490547,
      2.101993
    ],
    "rotation": [
      [
        0.086154,
        -0.189638,
        -0.978067
      ],
      [
        -0.11692,
        0.973009,
        -0.198956
      ],
      [
        0.989397,
        0.131496,
        0.061656
      ]
    ],
    "fy": 3290.283074,
    "fx": 3290.283074
  },
  {
    "id": 51,
    "img_name": "circle_0051",
    "width": 4116,
    "height": 2201,
    "position": [
      2.76614,
      0.48113,
      2.180565
    ],
    "rotation": [
      [
        0.065472,
        -0.189962,
        -0.979606
      ],
      [
        -0.117032,
        0.973475,
        -0.196595
      ],
      [
        0.990968,
        0.127517,
        0.041504
      ]
    ],
    "fy": 3290.235404,
    "fx": 3290.235404
  },
  {
    "id": 52,
    "img_name": "circle_0052",
    "width": 4117,
    "height": 2201,
    "position": [
      2.771158,
      0.471716,
      2.259262
    ],
    "rotation": [
      [
        0.044761,
        -0.190206,
        -0.980723
      ],
      [
        -0.117094,
        0.973941,
        -0.194235
      ],
      [
        0.992112,
        0.123531,
        0.021323
      ]
    ],
    "fy": 3290.187733,
    "fx": 3290.187733
  },
  {
    "id": 53,
    "img_name": "circle_0053",
    "width": 4117,
    "height": 2201,
    "position": [
      2.774516,
      0.462309,
      2.33805
    ],
    "rotation": [
      [
        0.024032,
        -0.19037,
        -0.981418
      ],
      [
        -0.117105,
        0.974407,
        -0.191878
      ],
      [
        0.992829,
        0.119541,
        0.001123
      ]
    ],
    "fy": 3290.140063,
    "fx": 3290.140063
  },
  {
    "id": 54,
    "img_name": "circle_0054",
    "width": 4117,
    "height": 2201,
    "position": [
      2.776211,
      0.452912,
      2.416894
    ],
    "rotation": [
      [
        0.003292,
        -0.190454,
        -0.981691
      ],
      [
        -0.117065,
        0.974873,
        -0.189523
      ],
      [
        0.993119,
        0.115546,
        -0.019087
      ]
    ],
    "fy": 3290.092393,
    "fx": 3290.092393
  },
  {
    "id": 55,
    "img_name": "circle_0055",
    "width": 4117,
    "height": 2201,
    "position": [
      2.776244,
      0.44353,
      2.49576
    ],
    "rotation": [
      [
        -0.01745,
        -0.190456,
        -0.981541
      ],
      [
        -0.116975,
        0.975337,
        -0.187173
      ],
      [
        0.992982,
        0.111549,
        -0.039298
      ]
    ],
    "fy": 3290.044723,
    "fx": 3290.044723
  },
  {
    "id": 56,
    "img_name": "circle_0056",
    "width": 4118,
    "height": 2201,
    "position": [
      2.774613,
      0.434168,
      2.574613
    ],
    "rotation": [
      [
        -0.038184,
        -0.190379,
        -0.980968
      ],
      [
        -0.116833,
        0.975801,
        -0.184828
      ],
      [
        0.992417,
        0.107552,
        -0.059502
      ]
    ],
    "fy": 3289.997053,
    "fx": 3289.997053
  },
  {
    "id": 57,
    "img_name": "circle_0057",
    "width": 4118,
    "height": 2201,
    "position": [
      2.771319,
      0.424828,
      2.653419
    ],
    "rotation": [
      [
        -0.058901,
        -0.190221,
        -0.979973
      ],
      [
        -0.116641,
        0.976264,
        -0.18249
      ],
      [
        0.991426,
        0.103556,
        -0.079691
      ]
    ],
    "fy": 3289.949383,
    "fx": 3289.949383
  },
  {
    "id": 58,
    "img_name": "circle_0058",
    "width": 4118,
    "height": 2201,
    "position": [
      2.766365,
      0.415516,
      2.732143
    ],
    "rotation": [
      [
        -0.079594,
        -0.189982,
        -0.978556
      ],
      [
        -0.116398,
        0.976726,
        -0.180159
      ],
      [
        0.990008,
        0.099563,
        -0.099855
      ]
    ],
    "fy": 3289.901713,
    "fx": 3289.901713
  },
  {
    "id": 59,
    "img_name": "circle_0059",
    "width": 4119,
    "height": 2201,
    "position": [
      2.759751,
      0.406235,
      2.81075
    ],
    "rotation": [
      [
        -0.100252,
        -0.189663,
        -0.976718
      ],
      [
        -0.116105,
        0.977187,
        -0.177836
      ],
      [
        0.988165,
        0.095574,
        -0.119985
      ]
    ],
    "fy": 3289.854042,
    "fx": 3289.854042
  },
  {
    "id": 60,
    "img_name": "circle_0060",
    "width": 4119,
    "height": 2201,
    "position": [
      2.75148,
      0.39699,
      2.889206
    ],
    "rotation": [
      [
        -0.120866,
        -0.189263,
        -0.974459
      ],
      [
        -0.115762,
        0.977645,
        -0.175523
      ],
      [
        0.985896,
        0.091591,
        -0.140074
      ]
    ],
    "fy": 3289.806372,
    "fx": 3289.806372
  },
  {
    "id": 61,
    "img_name": "circle_0061",
    "width": 4119,
    "height": 2201,
    "position": [
      2.741557,
      0.387784,
      2.967477
    ],
    "rotation": [
      [
        -0.141429,
        -0.188783,
        -0.971781
      ],
      [
        -0.115369,
        0.978103,
        -0.173221
      ],
      [
        0.983203,
        0.087615,
        -0.160112
      ]
    ],
    "fy": 3289.758702,
    "fx": 3289.758702
  },
  {
    "id": 62,
    "img_name": "circle_0062",
    "width": 4119,
    "height": 2201,
    "position": [
      2.729986,
      0.378622,
      3.045528
    ],
    "rotation": [
      [
        -0.161931,
        -0.188223,
        -0.968685
      ],
      [
        -0.114927,
        0.978558,
        -0.170929
      ],
      [
        0.980087,
        0.083649,
        -0.180091
      ]
    ],
    "fy": 3289.711032,
    "fx": 3289.711032
  },
  {
    "id": 63,
    "img_name": "circle_0063",
    "width": 4120,
    "height": 2201,
    "position": [
      2.716771,
      0.369507,
      3.123324
    ],
    "rotation": [
      [
        -0.182363,
        -0.187583,
        -0.965172
      ],
      [
        -0.114435,
        0.979011,
        -0.168651
      ],
      [
        0.976549,
        0.079693,
        -0.200002
      ]
    ],
    "fy": 3289.663362,
    "fx": 3289.663362
  },
  {
    "id": 64,
    "img_name": "circle_0064",
    "width": 4120,
    "height": 2201,
    "position": [
      2.701919,
      0.360443,
      3.200833
    ],
    "rotation": [
      [
        -0.202717,
        -0.186863,
        -0.961243
      ],
      [
        -0.113893,
        0.979461,
        -0.166386
      ],
      [
        0.972591,
        0.07575,
        -0.219836
      ]
    ],
    "fy": 3289.615692,
    "fx": 3289.615692
  },
  {
    "id": 65,
    "img_name": "circle_0065",
    "width": 4120,
    "height": 2201,
    "position": [
      2.685435,
      0.351436,
      3.278019
    ],
    "rotation": [
      [
        -0.222984,
        -0.186064,
        -0.956901
      ],
      [
        -0.113303,
        0.979909,
        -0.164135
      ],
      [
        0.968215,
        0.07182,
        -0.239585
      ]
    ],
    "fy": 3289.568022,
    "fx": 3289.568022
  },
  {
    "id": 66,
    "img_name": "circle_0066",
    "width": 4120,
    "height": 2201,
    "position": [
      2.667327,
      0.342487,
      3.35485
    ],
    "rotation": [
      [
        -0.243154,
        -0.185185,
        -0.952146
      ],
      [
        -0.112664,
        0.980355,
        -0.1619
      ],
      [
        0.963422,
        0.067906,
        -0.259241
      ]
    ],
    "fy": 3289.520351,
    "fx": 3289.520351
  },
  {
    "id": 67,
    "img_name": "circle_0067",
    "width": 4121,
    "height": 2201,
    "position": [
      2.647603,
      0.333603,
      3.43129
    ],
    "rotation": [
      [
        -0.26322,
        -0.184227,
        -0.946982
      ],
      [
        -0.111978,
        0.980797,
        -0.159681
      ],
      [
        0.958215,
        0.064009,
        -0.278795
      ]
    ],
    "fy": 3289.472681,
    "fx": 3289.472681
  },
  {
    "id": 68,
    "img_name": "circle_0068",
    "width": 4121,
    "height": 2201,
    "position": [
      2.626271,
      0.324785,
      3.507308
    ],
    "rotation": [
      [
        -0.283173,
        -0.183191,
        -0.941411
      ],
      [
        -0.111243,
        0.981237,
        -0.15748
      ],
      [
        0.952595,
        0.060131,
        -0.298238
      ]
    ],
    "fy": 3289.425011,
    "fx": 3289.425011
  },
  {
    "id": 69,
    "img_name": "circle_0069",
    "width": 4121,
    "height": 2201,
    "position": [
      2.60334,
      0.316039,
      3.582868
    ],
    "rotation": [
      [
        -0.303004,
        -0.182077,
        -0.935434
      ],
      [
        -0.110461,
        0.981673,
        -0.155297
      ],
      [
        0.946566,
        0.056273,
        -0.317563
      ]
    ],
    "fy": 3289.377341,
    "fx": 3289.377341
  },
  {
    "id": 70,
    "img_name": "circle_0070",
    "width": 4121,
    "height": 2201,
    "position": [
      2.578822,
      0.307367,
      3.657939
    ],
    "rotation": [
      [
        -0.322705,
        -0.180885,
        -0.929055
      ],
      [
        -0.109631,
        0.982105,
        -0.153133
      ],
      [
        0.940129,
        0.052437,
        -0.33676
      ]
    ],
    "fy": 3289.329671,
    "fx": 3289.329671
  },
  {
    "id": 71,
    "img_name": "circle_0071",
    "width": 4122,
    "height": 2201,
    "position": [
      2.552725,
      0.298775,
      3.732487
    ],
    "rotation": [
      [
        -0.342266,
        -0.179615,
        -0.922276
      ],
      [
        -0.108755,
        0.982535,
        -0.15099
      ],
      [
        0.933288,
        0.048623,
        -0.355822
      ]
    ],
    "fy": 3289.282001,
    "fx": 3289.282001
  },
  {
    "id": 72,
    "img_name": "circle_0072",
    "width": 4122,
    "height": 2201,
    "position": [
      2.525062,
      0.290265,
      3.806479
    ],
    "rotation": [
      [
        -0.361681,
        -0.178268,
        -0.9151
      ],
      [
        -0.107833,
        0.98296,
        -0.148869
      ],
      [
        0.926045,
        0.044835,
        -0.374741
      ]
    ],
    "fy": 3289.23433,
    "fx": 3289.23433
  },
  {
    "id": 73,
    "img_name": "circle_0073",
    "width": 4122,
    "height": 2201,
    "position": [
      2.495845,
      0.281842,
      3.879884
    ],
    "rotation": [
      [
        -0.380939,
        -0.176845,
        -0.90753
      ],
      [
        -0.106865,
        0.983381,
        -0.146769
      ],
      [
        0.918404,
        0.041073,
        -0.393507
      ]
    ],
    "fy": 3289.18666,
    "fx": 3289.18666
  },
  {
    "id": 74,
    "img_name": "circle_0074",
    "width": 4122,
    "height": 2201,
    "position": [
      2.465087,
      0.273508,
      3.952668
    ],
    "rotation": [
      [
        -0.400034,
        -0.175346,
        -0.89957
      ],
      [
        -0.105852,
        0.983798,
        -0.144693
      ],
      [
        0.910367,
        0.037339,
        -0.412114
      ]
    ],
    "fy": 3289.13899,
    "fx": 3289.13899
  },
  {
    "id": 75,
    "img_name": "circle_0075",
    "width": 4123,
    "height": 2201,
    "position": [
      2.4328,
      0.265268,
      4.0248
    ],
    "rotation": [
      [
        -0.418957,
        -0.173772,
        -0.891223
      ],
      [
        -0.104794,
        0.984211,
        -0.14264
      ],
      [
        0.901939,
        0.033634,
        -0.430553
      ]
    ],
    "fy": 3289.09132,
    "fx": 3289.09132
  },
  {
    "id": 76,
    "img_name": "circle_0076",
    "width": 4123,
    "height": 2201,
    "position": [
      2.399,
      0.257126,
      4.096248
    ],
    "rotation": [
      [
        -0.4377,
        -0.172123,
        -0.882492
      ],
      [
        -0.103691,
        0.98462,
        -0.140613
      ],
      [
        0.893122,
        0.02996,
        -0.448815
      ]
    ],
    "fy": 3289.04365,
    "fx": 3289.04365
  },
  {
    "id": 77,
    "img_name": "circle_0077",
    "width": 4123,
    "height": 2202,
    "position": [
      2.3637,
      0.249084,
      4.166981
    ],
    "rotation": [
      [
        -0.456575,
        -0.170167,
        -0.87326
      ],
      [
        -0.102267,
        0.98507,
        -0.138486
      ],
      [
        0.883788,
        0.026076,
        -0.467161
      ]
    ],
    "fy": 3288.99598,
    "fx": 3288.99598
  },
  {
    "id": 78,
    "img_name": "circle_0078",
    "width": 4123,
    "height": 2202,
    "position": [
      2.326916,
      0.241147,
      4.236967
    ],
    "rotation": [
      [
        -0.475282,
        -0.168101,
        -0.863625
      ],
      [
        -0.100766,
        0.98552,
        -0.136372
      ],
      [
        0.874044,
        0.022209,
        -0.485339
      ]
    ],
    "fy": 3288.94831,
    "fx": 3288.94831
  },
  {
    "id": 79,
    "img_name": "circle_0079",
    "width": 4124,
    "height": 2202,
    "position": [
      2.288665,
      0.233318,
      4.306177
    ],
    "rotation": [
      [
        -0.493777,
        -0.165951,
        -0.853607
      ],
      [
        -0.099222,
        0.985963,
        -0.134287
      ],
      [
        0.863909,
        0.018389,
        -0.503312
      ]
    ],
    "fy": 3288.900639,
    "fx": 3288.900639
  },
  {
    "id": 80,
    "img_name": "circle_0080",
    "width": 4124,
    "height": 2202,
    "position": [
      2.248962,
      0.2256,
      4.374579
    ],
    "rotation": [
      [
        -0.512051,
        -0.163718,
        -0.843208
      ],
      [
        -0.097633,
        0.986399,
        -0.132231
      ],
      [
        0.853388,
        0.014616,
        -0.521071
      ]
    ],
    "fy": 3288.852969,
    "fx": 3288.852969
  },
  {
    "id": 81,
    "img_name": "circle_0081",
    "width": 4124,
    "height": 2202,
    "position": [
      2.207826,
      0.217996,
      4.442144
    ],
    "rotation": [
      [
        -0.530096,
        -0.161404,
        -0.832434
      ],
      [
        -0.096002,
        0.986828,
        -0.130206
      ],
      [
        0.842485,
        0.010894,
        -0.538609
      ]
    ],
    "fy": 3288.805299,
    "fx": 3288.805299
  },
  {
    "id": 82,
    "img_name": "circle_0082",
    "width": 4125,
    "height": 2202,
    "position": [
      2.165274,
      0.210511,
      4.508842
    ],
    "rotation": [
      [
        -0.547904,
        -0.159009,
        -0.82129
      ],
      [
        -0.094328,
        0.987251,
        -0.128211
      ],
      [
        0.831206,
        0.007223,
        -0.555918
      ]
    ],
    "fy": 3288.757629,
    "fx": 3288.757629
  },
  {
    "id": 83,
    "img_name": "circle_0083",
    "width": 4125,
    "height": 2202,
    "position": [
      2.121325,
      0.203148,
      4.574643
    ],
    "rotation": [
      [
        -0.565467,
        -0.156534,
        -0.80978
      ],
      [
        -0.092613,
        0.987666,
        -0.126249
      ],
      [
        0.819555,
        0.003607,
        -0.57299
      ]
    ],
    "fy": 3288.709959,
    "fx": 3288.709959
  },
  {
    "id": 84,
    "img_name": "circle_0084",
    "width": 4125,
    "height": 2202,
    "position": [
      2.075998,
      0.195908,
      4.639519
    ],
    "rotation": [
      [
        -0.582777,
        -0.153982,
        -0.79791
      ],
      [
        -0.090857,
        0.988074,
        -0.12432
      ],
      [
        0.807537,
        4.5e-05,
        -0.589817
      ]
    ],
    "fy": 3288.662289,
    "fx": 3288.662289
  },
  {
    "id": 85,
    "img_name": "circle_0085",
    "width": 4125,
    "height": 2202,
    "position": [
      2.029314,
      0.188797,
      4.703441
    ],
    "rotation": [
      [
        -0.599827,
        -0.151352,
        -0.785685
      ],
      [
        -0.08906,
        0.988474,
        -0.122424
      ],
      [
        0.795158,
        -0.00346,
        -0.606393
      ]
    ],
    "fy": 3288.614619,
    "fx": 3288.614619
  },
  {
    "id": 86,
    "img_name": "circle_0086",
    "width": 4126,
    "height": 2202,
    "position": [
      1.981291,
      0.181817,
      4.766381
    ],
    "rotation": [
      [
        -0.616608,
        -0.148647,
        -0.773109
      ],
      [
        -0.087224,
        0.988866,
        -0.120563
      ],
      [
        0.782423,
        -0.006906,
        -0.622709
      ]
    ],
    "fy": 3288.566948,
    "fx": 3288.566948
  },
  {
    "id": 87,
    "img_name": "circle_0087",
    "width": 4126,
    "height": 2202,
    "position": [
      1.931952,
      0.17497,
      4.828312
    ],
    "rotation": [
      [
        -0.633114,
        -0.145867,
        -0.76019
      ],
      [
        -0.08535,
        0.989251,
        -0.118737
      ],
      [
        0.769339,
        -0.010292,
        -0.638758
      ]
    ],
    "fy": 3288.519278,
    "fx": 3288.519278
  },
  {
    "id": 88,
    "img_name": "circle_0088",
    "width": 4126,
    "height": 2202,
    "position": [
      1.881318,
      0.168261,
      4.889206
    ],
    "rotation": [
      [
        -0.649337,
        -0.143014,
        -0.746933
      ],
      [
        -0.083437,
        0.989627,
        -0.116948
      ],
      [
        0.75591,
        -0.013617,
        -0.654534
      ]
    ],
    "fy": 3288.471608,
    "fx": 3288.471608
  },
  {
    "id": 89,
    "img_name": "circle_0089",
    "width": 4126,
    "height": 2202,
    "position": [
      1.829411,
      0.161691,
      4.949036
    ],
    "rotation": [
      [
