[{"id": 0, "img_name": "103-2026-06-02-115225-000", "width": 4103, "height": 2199, "position": [0.7387058543934207, 0.9210968681990471, -1.3422671730566813], "rotation": [[0.9015679632895315, -0.08314712806324612, -0.4245724468978173], [-0.051690585574244934, 0.9536269685957655, -0.2965192879558472], [0.42953846269333956, 0.28927868891725356, 0.8554616000764484]], "fy": 3292.666581010162, "fx": 3292.666581010162}, {"id": 1, "img_name": "103-2026-06-02-115225-001", "width": 4123, "height": 2202, "position": [0.20182870661961683, 0.9502145451706825, -1.54495644073325], "rotation": [[0.9521009779050928, -0.04758095045411281, -0.30205923430024245], [-0.04750738513762451, 0.9528080561966099, -0.2998330475518387], [0.30207081326992014, 0.29982138216064746, 0.9049090355222053]], "fy": 3298.8534274439107, "fx": 3298.8534274439107}, {"id": 2, "img_name": "103-2026-06-02-115225-002", "width": 4109, "height": 2200, "position": [-0.3755689072231794, 0.9836405876667785, -1.6827135887969804], "rotation": [[0.9855272853450114, -0.023108911754000636, -0.1679343563361549], [-0.030684386859623127, 0.9499812061737561, -0.3107960365250891], [0.16671664057178526, 0.3114509369294004, 0.9355233164610367]], "fy": 3294.9049065326817, "fx": 3294.9049065326813}, {"id": 3, "img_name": "103-2026-06-02-115225-003", "width": 4118, "height": 2201, "position": [-0.9686741538112934, 0.9815826955773607, -1.7184810380766768], "rotation": [[0.9995337449494819, 0.0031556820189811213, -0.030369958483002325], [-0.012434149845132409, 0.9505028569995901, -0.3104669237668415], [0.027886997416233236, 0.3106997916101845, 0.9500989184650698]], "fy": 3288.091212670258, "fx": 3288.091212670258}, {"id": 4, "img_name": "103-2026-06-02-115225-004", "width": 4101, "height": 2199, "position": [-1.5504834495977575, 0.9856481802997281, -1.6908585149039115], "rotation": [[0.9932062409118185, 0.04659241204368303, 0.10663259423725138], [-0.01169376709621413, 0.9516679854151617, -0.30690601386572214], [-0.11577831759407343, 0.30357403162292884, 0.9457474232052059]], "fy": 3293.3724058968537, "fx": 3293.3724058968537}, {"id": 5, "img_name": "103-2026-06-02-115225-005", "width": 4141, "height": 2204, "position": [-2.1213735873401687, 0.9784520317940482, -1.5781432985412327], "rotation": [[0.970657727746806, 0.05009053620441327, 0.23519037766915926], [0.025144657110517842, 0.9515588931407875, -0.3064366477813544], [-0.2391470714522799, 0.3033588816359819, 0.9223784836759606]], "fy": 3293.5035710821194, "fx": 3293.503571082119}, {"id": 6, "img_name": "103-2026-06-02-115225-006", "width": 4162, "height": 2207, "position": [-2.7029183672983086, 0.9634054754249104, -1.4149373513388421], "rotation": [[0.9262637644987715, 0.07854852315621105, 0.36859946837528534], [0.03870026146873498, 0.953045260270188, -0.30034483787603355], [-0.37488361972593087, 0.29246343598218827, 0.8797314421314473]], "fy": 3326.388221769536, "fx": 3326.3882217695373}, {"id": 7, "img_name": "103-2026-06-02-115225-007", "width": 4147, "height": 2205, "position": [-3.2122371148746907, 0.9468993775728183, -1.1634510736593962], "rotation": [[0.8688782275324899, 0.09321341586534358, 0.48617063344335504], [0.06839451198430206, 0.9500876245172047, -0.30439398231516374], [-0.49027830509867326, 0.29773270704101285, 0.8191351651025628]], "fy": 3330.481777842473, "fx": 3330.481777842473}, {"id": 8, "img_name": "103-2026-06-02-115225-008", "width": 4133, "height": 2203, "position": [-3.674638980736396, 0.90937670365961, -0.8083078095390598], "rotation": [[0.7904544306287863, 0.12789124380020128, 0.5990205529516986], [0.06484965086221693, 0.9549892969776335, -0.2894649640996544], [-0.6090782510337813, 0.26765513710258415, 0.7465818184902624]], "fy": 3308.896878951746, "fx": 3308.896878951746}, {"id": 9, "img_name": "103-2026-06-02-115225-009", "width": 4135, "height": 2203, "position": [-4.122121513445575, 0.8574483404680154, -0.3688702373408777], "rotation": [[0.6899217564889993, 0.16198722194345763, 0.7055268314176117], [0.06699286030487103, 0.9561700132682729, -0.2850453690111851], [-0.72077730721167, 0.2439242621257502, 0.6488305077253245]], "fy": 3294.2172040227783, "fx": 3294.2172040227783}, {"id": 10, "img_name": "103-2026-06-02-115225-010", "width": 4138, "height": 2204, "position": [-4.496757195207513, 0.8112523254797531, 0.06575613955815701], "rotation": [[0.5823310638009123, 0.17457841458247317, 0.7939854591202334], [0.08348477699969659, 0.958664092594788, -0.27201736999449616], [-0.8086537108934879, 0.22468986343687566, 0.5436852408580808]], "fy": 3307.3620996884065, "fx": 3307.3620996884065}, {"id": 11, "img_name": "103-2026-06-02-115225-011", "width": 4147, "height": 2205, "position": [-4.759752601279772, 0.7541914050936198, 0.5557079587688695], "rotation": [[0.47126662876213143, 0.18820819300306268, 0.8616759487775536], [0.0876123143843913, 0.9621455813301352, -0.25806968573450656], [-0.8776285358757347, 0.19711305490357128, 0.43693774911673144]], "fy": 3275.7984240837154, "fx": 3275.798424083716}, {"id": 12, "img_name": "103-2026-06-02-115225-012", "width": 4131, "height": 2203, "position": [-5.020501785238173, 0.6836197494976918, 1.146301222143299], "rotation": [[0.3266907440298827, 0.2000793230041892, 0.9237106810421685], [0.0996049742648186, 0.9646048249783136, -0.24416465905257861], [-0.9398680795020683, 0.1717725127450328, 0.2951985721482255]], "fy": 3286.350140102939, "fx": 3286.350140102938}, {"id": 13, "img_name": "103-2026-06-02-115225-013", "width": 4118, "height": 2201, "position": [-5.120165655158134, 0.611935500260152, 1.7311234448518475], "rotation": [[0.1874480967492978, 0.20731532367628555, 0.9601476800961728], [0.10095258299546923, 0.968231898272332, -0.228769681458229], [-0.9770730714801265, 0.13981182974610423, 0.16056420912344552]], "fy": 3246.7484276680357, "fx": 3246.7484276680357}, {"id": 14, "img_name": "103-2026-06-02-115225-014", "width": 4104, "height": 2199, "position": [-5.156277408728492, 0.5401172195259852, 2.336058016573013], "rotation": [[0.03715537569530924, 0.21259027130157454, 0.9764347672040681], [0.08364694959255012, 0.9730187625050299, -0.2150294762051049], [-0.995802523536068, 0.0896652907266983, 0.018370349972029944]], "fy": 3222.9136610870205, "fx": 3222.9136610870205}, {"id": 15, "img_name": "103-2026-06-02-115225-015", "width": 4118, "height": 2201, "position": [-5.115702782642221, 0.47757294285211516, 2.902023418448084], "rotation": [[-0.09306181893379502, 0.21574649695143963, 0.97200460230902], [0.11479607172150308, 0.9720557234038744, -0.20476702008644287], [-0.9890204041242249, 0.09252631869339999, -0.11522812406267106]], "fy": 3196.2868170136503, "fx": 3196.2868170136494}, {"id": 16, "img_name": "103-2026-06-02-115225-016", "width": 4172, "height": 2208, "position": [-5.114446813021932, 0.40716864899735283, 3.496780794940941], "rotation": [[-0.24127988211013127, 0.19674491743364203, 0.9503028232900029], [0.0840622476179122, 0.9797902319080487, -0.18150658385578433], [-0.966807921468554, 0.03609070408846895, -0.25294249161430465]], "fy": 3280.2370953471236, "fx": 3280.2370953471236}, {"id": 17, "img_name": "103-2026-06-02-115225-017", "width": 4141, "height": 2204, "position": [-4.881788484458844, 0.34870628935506987, 4.041951746456252], "rotation": [[-0.371464875665996, 0.19392528921495278, 0.9079685172677202], [0.10652197602978082, 0.9803872786742941, -0.16581270287985408], [-0.9223160601275228, 0.03512500557307999, -0.38483674358659425]], "fy": 3245.0918738835203, "fx": 3245.0918738835203}, {"id": 18, "img_name": "103-2026-06-02-115225-018", "width": 4127, "height": 2202, "position": [-4.61337125155207, 0.2734594630189363, 4.55757074336587], "rotation": [[-0.5013708471181056, 0.18132981150239982, 0.8460181872280155], [0.09484811508387708, 0.9834185055326103, -0.15456997781277798], [-0.8600180862779043, 0.0027463496702365892, -0.5102561600200237]], "fy": 3238.5300081802757, "fx": 3238.5300081802757}, {"id": 19, "img_name": "103-2026-06-02-115225-019", "width": 4138, "height": 2204, "position": [-4.277410678399979, 0.21341090289712716, 5.045587378045862], "rotation": [[-0.6210209565306152, 0.1581413348055254, 0.7676745988866158], [0.08113056301952307, 0.9871428346348357, -0.13772020829651896], [-0.7795837371918009, -0.023245263066442114, -0.6258664829266998]], "fy": 3240.8115444085433, "fx": 3240.811544408544}, {"id": 20, "img_name": "103-2026-06-02-115225-020", "width": 4155, "height": 2206, "position": [-3.89176361628995, 0.1568817266790639, 5.4982513032036895], "rotation": [[-0.724826593998337, 0.13247834583893808, 0.6760738839184285], [0.06555303234295522, 0.990146870814803, -0.1237415620003931], [-0.6858055180467808, -0.04537248174204689, -0.7263691412203261]], "fy": 3261.735488742903, "fx": 3261.7354887429024}, {"id": 21, "img_name": "103-2026-06-02-115225-021", "width": 4135, "height": 2203, "position": [-3.4583284904447957, 0.10570966888303461, 5.884718286011803], "rotation": [[-0.8121545504374899, 0.12156713784645021, 0.5706368522970638], [0.0692388381848291, 0.9912223806352987, -0.11262404456645114], [-0.5793194019627633, -0.0519578976048213, -0.8134429343143825]], "fy": 3287.0961947576184, "fx": 3287.096194757619}, {"id": 22, "img_name": "103-2026-06-02-115225-022", "width": 4143, "height": 2204, "position": [-2.9506063132608373, 0.06809140339918968, 6.188076339877182], "rotation": [[-0.8878020017519073, 0.1017077106398779, 0.4488464629265794], [0.06153337395725033, 0.9927508258125014, -0.1032445724386213], [-0.45609346583210714, -0.0640417008283775, -0.8876245889903371]], "fy": 3285.4111091939435, "fx": 3285.411109193944}, {"id": 23, "img_name": "103-2026-06-02-115225-023", "width": 4149, "height": 2205, "position": [-2.455628245454005, 0.033193535838860484, 6.434359801550655], "rotation": [[-0.9410407478577484, 0.0661496549204912, 0.3317627676898498], [0.03774765164263415, 0.9951039382667984, -0.09134148477758619], [-0.3361806443964252, -0.07343279376278423, -0.9389303483929978]], "fy": 3314.286856691644, "fx": 3314.286856691643}, {"id": 24, "img_name": "103-2026-06-02-115225-024", "width": 4121, "height": 2202, "position": [-1.8398455589775224, 0.011275883398059522, 6.567595514362199], "rotation": [[-0.9812710837228907, 0.026383677958181986, 0.19081656580785072], [0.01089495504177805, 0.9965917691980498, -0.08176885422542544], [-0.1923235820276352, -0.07815847429485931, -0.9782141343754743]], "fy": 3284.0431347183685, "fx": 3284.043134718369}, {"id": 25, "img_name": "103-2026-06-02-115225-025", "width": 4108, "height": 2200, "position": [-1.1107033618131212, -0.008203560359879318, 6.648701527423415], "rotation": [[-0.999782270669949, -0.0018968137104975343, 0.020780119147594197], [-0.0035861767287464026, 0.9966616353617949, -0.0815642319550843], [-0.020556035379195575, -0.08162099420921229, -0.9964514352008275]], "fy": 3280.0910845007566, "fx": 3280.0910845007566}, {"id": 26, "img_name": "103-2026-06-02-115225-026", "width": 4110, "height": 2200, "position": [-0.544354735687219, -0.020649629329768437, 6.640088837285421], "rotation": [[-0.9937207045180979, -0.01961850674533058, -0.11015568802897717], [-0.0111987514445176, 0.9970036364359922, -0.0765397733174851], [0.11132721759811408, -0.0748255512942705, -0.9909628587870332]], "fy": 3306.6217921746174, "fx": 3306.6217921746174}, {"id": 27, "img_name": "103-2026-06-02-115225-027", "width": 4113, "height": 2201, "position": [0.01229737929619532, -0.0042445073723998234, 6.510297722273301], "rotation": [[-0.9682032880797298, -0.061082705576364464, -0.24259286063499574], [-0.04302754836595483, 0.9959421322471926, -0.07904365437231933], [0.2464366511564681, -0.06609215002090969, -0.9669026862473796]], "fy": 3285.429840741775, "fx": 3285.429840741775}, {"id": 28, "img_name": "103-2026-06-02-115225-028", "width": 4127, "height": 2202, "position": [0.5326733055493368, 0.005565109002093332, 6.3593668811613036], "rotation": [[-0.9298246469668496, -0.06846485466085658, -0.3615780546012722], [-0.043391905391781886, 0.9960846138581181, -0.07702327298676975], [0.3654357240876204, -0.055928576876151555, -0.9291548449258414]], "fy": 3304.0711872104775, "fx": 3304.071187210478}, {"id": 29, "img_name": "103-2026-06-02-115225-029", "width": 4112, "height": 2200, "position": [1.0479586089543123, 0.035951675884662374, 6.083572436943422], "rotation": [[-0.870022253638955, -0.09407918662161924, -0.4839528745834744], [-0.06058669743895559, 0.9945861184744771, -0.0844257367827726], [0.4892755157029974, -0.04413116339377525, -0.8710120034483324]], "fy": 3283.7367179610974, "fx": 3283.7367179610974}, {"id": 30, "img_name": "103-2026-06-02-115225-030", "width": 4121, "height": 2202, "position": [1.5487444023388874, 0.061623807277644396, 5.80094192520344], "rotation": [[-0.7942796633421441, -0.12372547308459943, -0.5948208332860258], [-0.08371823678188567, 0.9919939012953428, -0.09454817091291501], [0.6017566561586354, -0.02530033799848759, -0.7982786604099725]], "fy": 3311.2491985857964, "fx": 3311.249198585797}, {"id": 31, "img_name": "103-2026-06-02-115225-031", "width": 4116, "height": 2201, "position": [1.9763551084385118, 0.10236681599664392, 5.414682367044403], "rotation": [[-0.7046223647952726, -0.12911456944546285, -0.6977368780473264], [-0.0813130439684624, 0.9915209031946481, -0.10136314620537554], [0.7049081584936434, -0.014687630339240774, -0.7091465022152453]], "fy": 3312.9702503182584, "fx": 3312.9702503182584}, {"id": 32, "img_name": "103-2026-06-02-115225-032", "width": 4114, "height": 2201, "position": [2.351928332862223, 0.15503939049184529, 4.975388857688621], "rotation": [[-0.5996483413405201, -0.15201163665083017, -0.7856935337969241], [-0.10371045939764577, 0.9882753660997868, -0.1120532970146864], [0.7935149698267147, 0.014292063639245338, -0.6083828807402781]], "fy": 3305.6047730348037, "fx": 3305.604773034803}, {"id": 33, "img_name": "103-2026-06-02-115225-033", "width": 4106, "height": 2200, "position": [2.6620944660725803, 0.20773264157626325, 4.48083341101149], "rotation": [[-0.4871492395696355, -0.15673900006083952, -0.8591382334913592], [-0.09950398172334841, 0.9873178519084127, -0.12370293821957971], [0.8676315900242019, 0.025225882796956166, -0.49656729536809896]], "fy": 3295.6885399370913, "fx": 3295.6885399370917}, {"id": 34, "img_name": "103-2026-06-02-115225-034", "width": 4110, "height": 2200, "position": [2.885240387264282, 0.27105117700084047, 3.958536759742068], "rotation": [[-0.3669852808091331, -0.16855414417711131, -0.9148285654428178], [-0.09915489252949565, 0.984931995441467, -0.14169428938088519], [0.924927084129828, 0.03871000951190056, -0.3781685129762691]], "fy": 3280.5330709979357, "fx": 3280.5330709979353}, {"id": 35, "img_name": "103-2026-06-02-115225-035", "width": 4114, "height": 2201, "position": [3.0737575504538897, 0.3315842155606704, 3.4210865251950344], "rotation": [[-0.23330373111754707, -0.17614810339468423, -0.9563164825083204], [-0.11945888941090241, 0.9811985853779529, -0.15158796058070692], [0.9650383115645436, 0.07887446812980609, -0.24995974773930116]], "fy": 3296.8355165432263, "fx": 3296.8355165432263}, {"id": 36, "img_name": "103-2026-06-02-115225-036", "width": 4138, "height": 2204, "position": [3.1412984040272476, 0.39650292743008897, 2.8528718176518346], "rotation": [[-0.09943591783706422, -0.18455734081072786, -0.9777786488754868], [-0.11488228636980663, 0.9782068219464221, -0.1729551206987725], [0.9883898818393204, 0.09513149557509365, -0.11847126245338814]], "fy": 3280.8091967321807, "fx": 3280.80919673218}, {"id": 37, "img_name": "103-2026-06-02-115225-037", "width": 4130, "height": 2203, "position": [3.164797706398109, 0.4677057760224378, 2.2638764692217372], "rotation": [[0.04014303091835821, -0.18556975849085264, -0.9818107769842078], [-0.11679016944901971, 0.9749961740797876, -0.1890569143137745], [0.9923449971601391, 0.12225516456748659, 0.017466578022605535]], "fy": 3279.1869598761614, "fx": 3279.1869598761614}, {"id": 38, "img_name": "103-2026-06-02-115225-038", "width": 4142, "height": 2204, "position": [3.1104101797408688, 0.5362062543225606, 1.7006601078896522], "rotation": [[0.17155505902446744, -0.1831654996058146, -0.9679975524128476], [-0.11337629710261454, 0.9723656641719028, -0.2040853507600035], [0.978628978202879, 0.14475985249262424, 0.1460476228081186]], "fy": 3289.9860131001305, "fx": 3289.9860131001305}, {"id": 39, "img_name": "103-2026-06-02-115225-039", "width": 4136, "height": 2203, "position": [2.9868142876328423, 0.599648626013542, 1.1602146166938652], "rotation": [[0.2979647293290222, -0.17763869094924453, -0.937902721796734], [-0.1025178207172183, 0.97089477577799, -0.21645653328647438], [0.9490559080008273, 0.16064815543555142, 0.2710812676004745]], "fy": 3299.2878665823227, "fx": 3299.2878665823227}, {"id": 40, "img_name": "103-2026-06-02-115225-040", "width": 4132, "height": 2203, "position": [2.7442171163024747, 0.6661226486737447, 0.6202184608401263], "rotation": [[0.43311234217698713, -0.1581831454267617, -0.887350996819669], [-0.11476709090468527, 0.9667882993719219, -0.22836133438658704], [0.8940034753283904, 0.20074480491520288, 0.40057372529949714]], "fy": 3279.9007157044657, "fx": 3279.900715704466}, {"id": 41, "img_name": "103-2026-06-02-115225-041", "width": 4116, "height": 2201, "position": [2.4618630729374993, 0.7249929309491245, 0.13620474514938896], "rotation": [[0.5474320474136026, -0.158578648481818, -0.8216878760881353], [-0.09719407273073355, 0.9631887732573843, -0.25064057791376965], [0.831186781470064, 0.21707187592273566, 0.5118674974960028]], "fy": 3279.0713604377684, "fx": 3279.0713604377693}, {"id": 42, "img_name": "103-2026-06-02-115225-042", "width": 4124, "height": 2202, "position": [2.1259854253733117, 0.7827705565161044, -0.3091233889106245], "rotation": [[0.6544985479089215, -0.13948045484336458, -0.7430860337146711], [-0.09167253752715598, 0.9609443216823262, -0.26111713174325824], [0.7504850409224992, 0.2390213658717187, 0.6161501359314729]], "fy": 3292.622079025511, "fx": 3292.622079025511}, {"id": 43, "img_name": "103-2026-06-02-115225-043", "width": 4120, "height": 2202, "position": [1.7190045161977399, 0.8340903578206861, -0.701238844768775], "rotation": [[0.7484112165597849, -0.12086513731244436, -0.6521290282681388], [-0.08277539813695867, 0.9585451225914955, -0.2726526754303413], [0.6580493024012494, 0.2580365604686651, 0.7073812614642334]], "fy": 3277.1235542886884, "fx": 3277.1235542886893}, {"id": 44, "img_name": "103-2026-06-02-115225-044", "width": 4106, "height": 2200, "position": [1.228334484790445, 0.8810409661770046, -1.0543523631605296], "rotation": [[0.8350835303848589, -0.10311327363068362, -0.5403731581797194], [-0.06589956468749972, 0.95645323479124, -0.28434918152048766], [0.5461618300961341, 0.27306567425902684, 0.791923224111722]], "fy": 3279.5511823091024, "fx": 3279.551182309102}, {"id": 45, "img_name": "103-2026-06-02-115225-045", "width": 4162, "height": 2207, "position": [-2.3518533400144657, 0.5561953175304709, -1.5279182367515298], "rotation": [[0.954199504334475, 0.007146418448073854, 0.2990856643692695], [0.032358151720980506, 0.9913845824771952, -0.1269234400877917], [-0.2974159645093791, 0.13078814292542837, 0.9457474323121757]], "fy": 3329.7897531899807, "fx": 3329.7897531899807}, {"id": 46, "img_name": "103-2026-06-02-115225-046", "width": 4123, "height": 2202, "position": [-1.8626424308322649, 0.566920126200603, -1.67643266130502], "rotation": [[0.9830708444236221, 0.014512544038136725, 0.18265021464473408], [0.010011633018731928, 0.9911144396730551, -0.132634590796913], [-0.18295213048369924, 0.13221782609431854, 0.9741904148647573]], "fy": 3334.4993721343144, "fx": 3334.4993721343153}, {"id": 47, "img_name": "103-2026-06-02-115225-047", "width": 4104, "height": 2199, "position": [-1.2875121899038215, 0.5686428946388652, -1.7542134275983494], "rotation": [[0.9988384784150894, 0.013170372338905776, 0.046349059644004396], [-0.006616902044820831, 0.9902979436412768, -0.13880273566175824], [-0.0477274621654885, 0.13833482610070855, 0.9892348382679051]], "fy": 3338.846844443261, "fx": 3338.846844443262}, {"id": 48, "img_name": "103-2026-06-02-115225-048", "width": 4125, "height": 2202, "position": [-0.7003390056619034, 0.569476143077079, -1.7331842566731201], "rotation": [[0.9953516337893354, 0.020477436537299575, -0.09410525865094514], [-0.033347758957252026, 0.9899678649890564, -0.13730095870582498], [0.09034961032251015, 0.13980093305078656, 0.9860490084335058]], "fy": 3330.803675390708, "fx": 3330.803675390708}, {"id": 49, "img_name": "103-2026-06-02-115225-049", "width": 4112, "height": 2200, "position": [-0.11434536174155321, 0.5199030730242759, -1.6393725331039264], "rotation": [[0.9722972524596954, 0.007607740325250138, -0.2336240037891458], [-0.03739716321024377, 0.9916586656395096, -0.12334724579776342], [0.23073687404303983, 0.1286670631871694, 0.9644715038857474]], "fy": 3320.126542936038, "fx": 3320.126542936038}, {"id": 50, "img_name": "103-2026-06-02-115225-050", "width": 4105, "height": 2199, "position": [0.44833613815615925, 0.5302353336844642, -1.4989370540306364], "rotation": [[0.9322656931077915, 0.010304634571937825, -0.3616275597359635], [-0.06102181059502805, 0.9897510298195067, -0.12910940168295423], [0.35659082445564066, 0.14243143430284175, 0.9233397372779327]], "fy": 3345.6769062342614, "fx": 3345.676906234262}, {"id": 51, "img_name": "103-2026-06-02-115225-051", "width": 4101, "height": 2199, "position": [0.9947267653922229, 0.4914316536873686, -1.3165921180566411], "rotation": [[0.874464084325351, 0.0026960518594696787, -0.48508277286396834], [-0.07013251883073557, 0.9901810424577475, -0.12092531976283859], [0.4799937447795355, 0.13976492572050864, 0.8660668395169386]], "fy": 3316.95862791182, "fx": 3316.95862791182}, {"id": 52, "img_name": "103-2026-06-02-115225-052", "width": 4107, "height": 2200, "position": [1.4584090994598797, 0.421300322222156, -0.8964628716244338], "rotation": [[0.7922481149411656, 0.008802120339128876, -0.6101355972648251], [-0.08318654547529017, 0.9921188013883546, -0.09370316207909866], [0.604502210933969, 0.12499122612915617, 0.7867364681814829]], "fy": 3310.760965239187, "fx": 3310.7609652391866}, {"id": 53, "img_name": "103-2026-06-02-115225-053", "width": 4115, "height": 2201, "position": [1.900506609713963, 0.39531989562511993, -0.5419598009693982], "rotation": [[0.7046068748794425, 0.005744628267755386, -0.7095746268847912], [-0.10789109046211012, 0.9892084230666824, -0.09912723305340561], [0.701347748603731, 0.14640251015605138, 0.6976228497895441]], "fy": 3320.6999139648437, "fx": 3320.699913964844}, {"id": 54, "img_name": "103-2026-06-02-115225-054", "width": 4125, "height": 2202, "position": [2.27152339125199, 0.3479443446045803, -0.12154678922414153], "rotation": [[0.6032044495350904, -0.013221342407292475, -0.7974770141928966], [-0.08384444118431246, 0.9932714844366395, -0.07988659391615655], [0.7931673857033953, 0.11505196352076594, 0.5980372429426595]], "fy": 3316.873072444214, "fx": 3316.8730724442144}, {"id": 55, "img_name": "103-2026-06-02-115225-055", "width": 4105, "height": 2199, "position": [2.58825788983921, 0.28543991681280145, 0.3400355723662341], "rotation": [[0.4906735081089727, 0.0027113500158610112, -0.8713392892674617], [-0.11934169367605216, 0.9907805065454934, -0.06412135369739769], [0.8631321269600416, 0.13544975611106477, 0.4864733240157037]], "fy": 3320.2728181659645, "fx": 3320.2728181659645}, {"id": 56, "img_name": "103-2026-06-02-115225-056", "width": 4113, "height": 2201, "position": [2.95193515199789, 0.2146138668934978, 0.7810175740313826], "rotation": [[0.3700606243027013, -0.011494000370272109, -0.928936500680312], [-0.11907240991541583, 0.9910892582292822, -0.059697934800680974], [0.9213451554860588, 0.13270256281632, 0.36539449131637236]], "fy": 3361.4997351137863, "fx": 3361.4997351137863}, {"id": 57, "img_name": "103-2026-06-02-115225-057", "width": 4162, "height": 2207, "position": [2.838639878652644, -0.2438399779426573, 0.7704451772164982], "rotation": [[0.3731537389820897, 0.03133047566052935, -0.9272403617070228], [-0.12833146919868707, 0.9915653961388807, -0.018141091291620767], [0.9188510875528159, 0.12576353396286802, 0.37402702098668966]], "fy": 3149.1665014990313, "fx": 3149.1665014990313}, {"id": 58, "img_name": "103-2026-06-02-115225-058", "width": 4163, "height": 2207, "position": [2.5802209036002357, -0.20639782506529955, 0.2862902763657159], "rotation": [[0.49125736629705796, 0.015010662980180126, -0.8708851130061724], [-0.10719013124947267, 0.9932932814194954, -0.043344351992062505], [0.864393704177442, 0.11464352176981672, 0.4895716363256909]], "fy": 3134.9787901336754, "fx": 3134.978790133675}, {"id": 59, "img_name": "103-2026-06-02-115225-059", "width": 4161, "height": 2207, "position": [2.263405638086973, -0.12986762505533414, -0.18174068260114923], "rotation": [[0.6073592422835734, 0.004372900950455862, -0.7944152746202714], [-0.08700071161796509, 0.9943363478915771, -0.06104181713881368], [0.789649053055021, 0.10618900601718712, 0.6042998163249682]], "fy": 3133.846207605296, "fx": 3133.8462076052956}, {"id": 60, "img_name": "103-2026-06-02-115225-060", "width": 4144, "height": 2205, "position": [1.8824856032958655, -0.08415888654379687, -0.5890751940310802], "rotation": [[0.7042499750639568, 0.01298887026366923, -0.709833263430004], [-0.10058943144181465, 0.9915716788945275, -0.08165397661167977], [0.7027899678457488, 0.12890653537956034, 0.6996208732104907]], "fy": 3133.6639156288757, "fx": 3133.6639156288757}, {"id": 61, "img_name": "103-2026-06-02-115225-061", "width": 4146, "height": 2205, "position": [1.4544742996318174, -0.041139783629234226, -0.9667373356363456], "rotation": [[0.7953071187293718, 0.01688923000107893, -0.605971402632464], [-0.09088108994214911, 0.991636518860788, -0.0916386487928819], [0.5993556660191943, 0.12795221128073092, 0.7901904942727791]], "fy": 3143.164684348376, "fx": 3143.1646843483754}, {"id": 62, "img_name": "103-2026-06-02-115225-062", "width": 4146, "height": 2205, "position": [0.9659762582981377, 0.008182375985200123, -1.271633602564401], "rotation": [[0.8712971097680131, 0.03232495137962256, -0.48969015104268937], [-0.09476346446106572, 0.9901308148831868, -0.10325141753066948], [0.4815197112406129, 0.13636739689919047, 0.8657613416812369]], "fy": 3144.910975064328, "fx": 3144.910975064328}, {"id": 63, "img_name": "103-2026-06-02-115225-063", "width": 4140, "height": 2204, "position": [0.4297409559014564, 0.034108785184717556, -1.525517783866082], "rotation": [[0.9328470462935132, 0.018155305718805245, -0.3598149150545659], [-0.06052262972639375, 0.9924331362150138, -0.10683389646284297], [0.3551526425531277, 0.12143662963327138, 0.9268871266075723]], "fy": 3144.838060887014, "fx": 3144.838060887014}, {"id": 64, "img_name": "103-2026-06-02-115225-064", "width": 4142, "height": 2204, "position": [-0.1281177801404497, 0.072281666061754, -1.6862883380852403], "rotation": [[0.9719002429365076, 0.040850913841759685, -0.23182131182928556], [-0.06913696816629128, 0.9909293806842582, -0.1152347262307937], [0.22501110508757333, 0.12802408107463953, 0.965908814149795]], "fy": 3139.6901651671756, "fx": 3139.690165167176}, {"id": 65, "img_name": "103-2026-06-02-115225-065", "width": 4141, "height": 2204, "position": [-0.7043488372405118, 0.07523052329178004, -1.7760304784749101], "rotation": [[0.9954297712920118, 0.01992887260622961, -0.09339384595452577], [-0.030858599468318402, 0.9926419595119246, -0.11708837284367977], [0.09037321098858288, 0.11943525548585453, 0.9887203358294203]], "fy": 3147.044509548791, "fx": 3147.0445095487908}, {"id": 66, "img_name": "103-2026-06-02-115225-066", "width": 4141, "height": 2204, "position": [-1.2992971406119154, 0.07270513373814476, -1.815334054219085], "rotation": [[0.9987241066067587, 0.02786143538122029, 0.0421176839466459], [-0.022761795990608687, 0.9928650970910736, -0.11705041487160403], [-0.04507837093122796, 0.11594239689100272, 0.9922324833814683]], "fy": 3143.93617104526, "fx": 3143.9361710452604}, {"id": 67, "img_name": "103-2026-06-02-115225-067", "width": 4171, "height": 2208, "position": [-1.8744263642875554, 0.055277259168243734, -1.7394780381947412], "rotation": [[0.9835983381591931, -0.0017325927861649598, 0.18036437367925778], [0.022663757150726046, 0.9932160614176547, -0.11405353766461687], [-0.17894318450918026, 0.1162706044718036, 0.9769649345055712]], "fy": 3154.1283118137903, "fx": 3154.1283118137903}, {"id": 68, "img_name": "103-2026-06-02-115225-068", "width": 4186, "height": 2210, "position": [-2.3405545751156427, 0.04503718342575191, -1.613497607795074], "rotation": [[0.9562018389790607, -0.00629610206871231, 0.29264039747068876], [0.03421492291035225, 0.995319163617149, -0.09038308241423137], [-0.29070153453895103, 0.0964371382569985, 0.9519414352687352]], "fy": 3151.804394186918, "fx": 3151.804394186918}, {"id": 69, "img_name": "103-2026-06-02-115225-069", "width": 4181, "height": 2209, "position": [-2.333401864981566, -0.3743134391900691, -1.6645315017149933], "rotation": [[0.9559132160727514, -0.0005198265466467248, 0.293648860235845], [0.01644977857420819, 0.9985229631851128, -0.05178123962287364], [-0.2931882127956527, 0.05432883002958317, 0.954509848092364]], "fy": 3160.241886597351, "fx": 3160.2418865973505}, {"id": 70, "img_name": "103-2026-06-02-115225-070", "width": 4166, "height": 2207, "position": [-1.8833040866728723, -0.36841841666941566, -1.7914979878851711], "rotation": [[0.9824741933097424, 0.006375244211798652, 0.1862896018075379], [0.0029294936937926176, 0.9987633867625604, -0.049629782684173444], [-0.18637563560473544, 0.04930571492048544, 0.9812405764791378]], "fy": 3153.0891218440574, "fx": 3153.0891218440574}, {"id": 71, "img_name": "103-2026-06-02-115225-071", "width": 4143, "height": 2204, "position": [-1.322112859713585, -0.3406717858052513, -1.889637590632248], "rotation": [[0.9984709854410962, 0.0102389320497504, 0.054321777426432315], [-0.0071767776190906655, 0.9983898406844288, -0.05626917345338208], [-0.05481044695395556, 0.05579328175149113, 0.9969367706209387]], "fy": 3146.282063704737, "fx": 3146.2820637047366}, {"id": 72, "img_name": "103-2026-06-02-115225-072", "width": 4145, "height": 2205, "position": [-0.7136398576661962, -0.3755060587175937, -1.7996819413786522], "rotation": [[0.9954800516697068, 0.035681414738721044, -0.08801308635607129], [-0.0388470648734406, 0.9986486978804516, -0.034520773056192146], [0.08666240406541106, 0.037783791021042415, 0.9955209755990486]], "fy": 3136.221806067342, "fx": 3136.221806067342}, {"id": 73, "img_name": "103-2026-06-02-115225-073", "width": 4138, "height": 2204, "position": [-0.14721524769495972, -0.3870038972694711, -1.7177049494080112], "rotation": [[0.9739884430892053, 0.04129622529725963, -0.22280290506378916], [-0.05102487318385382, 0.9979709811927365, -0.03808389441454577], [0.2207781126951617, 0.04846176300347119, 0.9741193368788846]], "fy": 3152.9590144869426, "fx": 3152.9590144869426}, {"id": 74, "img_name": "103-2026-06-02-115225-074", "width": 4141, "height": 2204, "position": [0.41831787568888673, -0.41209146070837516, -1.589304909658362], "rotation": [[0.9315006898246082, 0.052628016113109834, -0.3599121514707127], [-0.06967284085253451, 0.9969717288377297, -0.03454080407063071], [0.3570044258882744, 0.057250884869201414, 0.9323465965390108]], "fy": 3142.418791520307, "fx": 3142.4187915203065}, {"id": 75, "img_name": "103-2026-06-02-115225-075", "width": 4133, "height": 2203, "position": [0.9484307912677127, -0.44040469134042703, -1.3248162045201903], "rotation": [[0.8732904308577588, 0.054183591870954145, -0.4841776138404497], [-0.0745080151754054, 0.9969593085571257, -0.02281869312470735], [0.481468980357916, 0.056002459350102465, 0.8746721360028846]], "fy": 3145.1095392269563, "fx": 3145.1095392269563}, {"id": 76, "img_name": "103-2026-06-02-115225-076", "width": 4149, "height": 2205, "position": [1.4548612964255274, -0.49432738044389546, -1.0217171348220844], "rotation": [[0.7947907167279964, 0.053201311667457445, -0.6045472165512465], [-0.07730860964130308, 0.9969102184333847, -0.013906662375635833], [0.6019394450260976, 0.05778959093092251, 0.796447906458238]], "fy": 3137.6472672083755, "fx": 3137.6472672083755}, {"id": 77, "img_name": "103-2026-06-02-115225-077", "width": 4137, "height": 2204, "position": [1.869048954045328, -0.5371061696461477, -0.6387091663756689], "rotation": [[0.7076807851715129, 0.0759124892994276, -0.702442310988878], [-0.1051765314633733, 0.99445242234461, 0.0015089474051136846], [0.6986600056739796, 0.072812592738493, 0.7117390833798107]], "fy": 3130.8418536874206, "fx": 3130.8418536874206}, {"id": 78, "img_name": "103-2026-06-02-115225-078", "width": 4138, "height": 2204, "position": [2.2599208820822954, -0.5904122086781247, -0.2734979758792919], "rotation": [[0.6169191828050303, 0.06792151003654784, -0.7840901672394115], [-0.09906652526176163, 0.995046609503158, 0.008250362951441733], [0.7807666395663521, 0.07258728119047377, 0.620592089177457]], "fy": 3142.7490139585634, "fx": 3142.749013958563}, {"id": 79, "img_name": "103-2026-06-02-115225-079", "width": 4141, "height": 2204, "position": [2.5833549857040654, -0.6542911830106601, 0.2261603344815438], "rotation": [[0.4969762737721783, 0.05714625933217866, -0.8658804122694198], [-0.08569962059417974, 0.9961834162814682, 0.01655826548272866], [0.8635219501191238, 0.06597655773168425, 0.4999769349603471]], "fy": 3149.051652252851, "fx": 3149.0516522528505}, {"id": 80, "img_name": "103-2026-06-02-115225-080", "width": 4182, "height": 2209, "position": [2.82906721281454, -0.7076347263750837, 0.6876104149452941], "rotation": [[0.3856560363006095, 0.06165089041448181, -0.9205805719088387], [-0.08691342113766796, 0.9957557350463172, 0.03027496240319696], [0.9185398624398668, 0.06833508493790122, 0.38937749970366875]], "fy": 3155.7411843602836, "fx": 3155.7411843602836}, {"id": 81, "img_name": "103-2026-06-02-115225-081", "width": 4178, "height": 2209, "position": [2.50236587558142, -1.0918047480520021, 0.745557959579051], "rotation": [[0.38437072680877094, 0.19427537874005502, -0.9025055244085243], [-0.1277614655601362, 0.9793935582826082, 0.15641376509903968], [0.9142954403749499, 0.05518455590053806, 0.4012711209389944]], "fy": 3131.3887486289145, "fx": 3131.388748628915}, {"id": 82, "img_name": "103-2026-06-02-115225-082", "width": 4164, "height": 2207, "position": [2.537376553638656, -1.1123925275788618, 0.1677991096156278], "rotation": [[0.4968020216508426, 0.19042257377867192, -0.8467154154018586], [-0.1258908764225763, 0.9811246314132361, 0.14678537007412337], [0.8586845978106228, 0.03367047712385416, 0.511397165081173]], "fy": 3148.95888161942, "fx": 3148.9588816194205}, {"id": 83, "img_name": "103-2026-06-02-115225-083", "width": 4143, "height": 2204, "position": [2.210597978556738, -1.0353355611604784, -0.3083116516405561], "rotation": [[0.6157537873289058, 0.14600438100929658, -0.7742932223106441], [-0.08416544820944298, 0.9892476113194887, 0.1196049364632991], [0.7834305653456546, -0.008478456509200314, 0.6214214874442382]], "fy": 3141.3650558044856, "fx": 3141.3650558044847}, {"id": 84, "img_name": "103-2026-06-02-115225-084", "width": 4147, "height": 2205, "position": [1.8564933702270747, -0.9826768126427758, -0.7037554625532333], "rotation": [[0.7051223930397784, 0.1430100346294835, -0.6945146080746829], [-0.08979175898072231, 0.9895745786419679, 0.11260370031539621], [0.7033774597277085, -0.0170377023346935, 0.7106123175446303]], "fy": 3156.590524483518, "fx": 3156.590524483518}, {"id": 85, "img_name": "103-2026-06-02-115225-085", "width": 4150, "height": 2205, "position": [1.417038019177244, -0.9482024377518233, -1.0655003214413965], "rotation": [[0.800324140307829, 0.10936938252215919, -0.589507937696564], [-0.06301993267118118, 0.9931203780767811, 0.09869347868400997], [0.5962463907871092, -0.04183602293900498, 0.8017106639293212]], "fy": 3134.3094954110397, "fx": 3134.30949541104}, {"id": 86, "img_name": "103-2026-06-02-115225-086", "width": 4147, "height": 2205, "position": [0.907049118596111, -0.9017301015988909, -1.3591745497700718], "rotation": [[0.8766666567015903, 0.10005809307089962, -0.47057831552109497], [-0.061388763881666746, 0.9934029562640201, 0.09686065328597729], [0.47716558205379506, -0.056026283982792614, 0.8770256910754338]], "fy": 3138.222825244634, "fx": 3138.222825244634}, {"id": 87, "img_name": "103-2026-06-02-115225-087", "width": 4149, "height": 2205, "position": [0.3771923977150058, -0.8926224183436103, -1.6158068822675884], "rotation": [[0.9343500282457355, 0.08469002731999277, -0.34614682432420557], [-0.05468012299340573, 0.9939188047253215, 0.09557977695524271], [0.35213649181335854, -0.07037761637002775, 0.933298924379244]], "fy": 3148.9443174467574, "fx": 3148.9443174467565}, {"id": 88, "img_name": "103-2026-06-02-115225-088", "width": 4137, "height": 2204, "position": [-0.17848789368635912, -0.8401780943759998, -1.7649508417878488], "rotation": [[0.9742698905626291, 0.06450718251908386, -0.21595602271419112], [-0.04718915855698376, 0.995312693895179, 0.08441459995643956], [0.2203891187372155, -0.07205182006425294, 0.9727472290208089]], "fy": 3154.510512452621, "fx": 3154.510512452621}, {"id": 89, "img_name": "103-2026-06-02-115225-089", "width": 4136, "height": 2204, "position": [-0.7430394277331815, -0.8490307935184674, -1.8137020091833662], "rotation": [[0.9960460347109156, 0.03099980126970847, -0.08325448371048845], [-0.02402061293320963, 0.9962131687916438, 0.08356035232348552], [0.08552956734939283, -0.08123013386269096, 0.9930188107290189]], "fy": 3135.1218930507252, "fx": 3135.1218930507252}, {"id": 90, "img_name": "103-2026-06-02-115225-090", "width": 4143, "height": 2204, "position": [-1.3342678494628042, -0.8004538749382708, -1.9336756132254214], "rotation": [[0.9982573533504162, -0.007207492710277273, 0.05856883583147066], [0.0032163694747727486, 0.997683220350351, 0.06795474081147465], [-0.058922928043540164, -0.06764794069433487, 0.9959677929886044]], "fy": 3141.5168194437565, "fx": 3141.516819443756}, {"id": 91, "img_name": "103-2026-06-02-115225-091", "width": 4172, "height": 2208, "position": [-1.908144320226832, -0.8644902558341264, -1.821609587884604], "rotation": [[0.980970824541602, -0.03789386915224196, 0.19042136455461728], [0.021927541561609906, 0.9961169169832161, 0.08526588192774431], [-0.19291299676080292, -0.07946787011443637, 0.9779925527836301]], "fy": 3157.6482451479724, "fx": 3157.6482451479724}, {"id": 92, "img_name": "103-2026-06-02-115225-092", "width": 4172, "height": 2208, "position": [-2.2136321015979945, -0.7661866577003406, -1.4544070223236452], "rotation": [[0.9584875023510206, -0.047989888429307424, 0.28106703550122164], [0.029724210850955377, 0.99718095146899, 0.06889572785512928], [-0.2835809921807001, -0.05768119828802722, 0.957211941127913]], "fy": 3146.369652592328, "fx": 3146.369652592328}, {"id": 93, "img_name": "103-2026-06-02-115225-093", "width": 4154, "height": 2206, "position": [-1.882881426868443, -1.219670707221251, -1.6110550925351694], "rotation": [[0.9800458963120551, -0.03874495323276754, 0.19495863592283133], [0.014071992120862528, 0.9918818610784274, 0.12638177361212108], [-0.19827259054052532, -0.12111648220859826, 0.9726349662528915]], "fy": 3159.9262065010585, "fx": 3159.9262065010585}, {"id": 94, "img_name": "103-2026-06-02-115225-094", "width": 4136, "height": 2204, "position": [-1.3400867758961377, -1.2202422417715515, -1.652622870935014], "rotation": [[0.9978992168339691, -0.016698884214151603, 0.06259632823220151], [0.008999012012190184, 0.9925715917079664, 0.12132869865418804], [-0.06415739103919053, -0.1205105082568183, 0.9906366874766589]], "fy": 3146.582312545171, "fx": 3146.5823125451707}, {"id": 95, "img_name": "103-2026-06-02-115225-095", "width": 4130, "height": 2203, "position": [-0.771479596536717, -1.221556713329032, -1.5708393622385808], "rotation": [[0.9962565484626025, 0.024201560701264144, -0.08298899990363477], [-0.012938685628917845, 0.99