[{"id": 0, "img_name": "001", "width": 4053, "height": 2192, "position": [3.3793458080095875, -0.11452248032506825, -1.6927763413539338], "rotation": [[0.484041175896046, -0.17401424665305926, -0.8575681792131407], [0.13888798001410482, 0.9828820925500238, -0.1210492509356746], [0.863952700698814, -0.06051309037104748, 0.4999238910563994]], "fy": 3387.020703744326, "fx": 3387.0207037443265}, {"id": 1, "img_name": "002", "width": 4060, "height": 2193, "position": [3.1953485319198642, -0.1695909435213133, -1.995262483256775], "rotation": [[0.5655711363010623, -0.16314359809635165, -0.8084017913038672], [0.13254700760093854, 0.9854765865635253, -0.1061470117861989], [0.8139782432959507, -0.0471175523056833, 0.5789813085977467]], "fy": 3395.0259918988413, "fx": 3395.0259918988413}, {"id": 2, "img_name": "003", "width": 4069, "height": 2195, "position": [2.9783571661396246, -0.2150638565565561, -2.3019089112757665], "rotation": [[0.6455219128154729, -0.15344926184252333, -0.7481676176599983], [0.1256356531279542, 0.987598115245212, -0.09415755639998914], [0.7533373366149891, -0.03321576138054766, 0.6567949226796331]], "fy": 3407.131757569589, "fx": 3407.1317575695884}, {"id": 3, "img_name": "004", "width": 4069, "height": 2195, "position": [2.7336346489646313, -0.2746825965114997, -2.576590753805451], "rotation": [[0.7173276746667051, -0.14105642729953427, -0.682307915441957], [0.11999458571155724, 0.9896704567787159, -0.07844543568187726], [0.686325219234416, -0.02560217367527628, 0.7268440150031725]], "fy": 3412.203075899147, "fx": 3412.2030758991473}, {"id": 4, "img_name": "005", "width": 4067, "height": 2194, "position": [2.454467945653808, -0.321697729550507, -2.8195056993279777], "rotation": [[0.7826147662001305, -0.12639386881721493, -0.609539758876262], [0.1087968365094231, 0.9918715790533356, -0.06598499095843224], [0.6129252614234926, -0.01467516922080266, 0.7900045970228807]], "fy": 3411.5148337372198, "fx": 3411.5148337372193}, {"id": 5, "img_name": "006", "width": 4083, "height": 2197, "position": [2.1634384373944298, -0.3732784253454994, -3.0608443293499366], "rotation": [[0.8410283138221358, -0.1105878013676312, -0.5295674777950097], [0.09772166382315776, 0.9938363146347051, -0.0523436350757312], [0.5320919580008032, -0.007727735889698106, 0.8466513038606214]], "fy": 3434.4679307304636, "fx": 3434.4679307304636}, {"id": 6, "img_name": "007", "width": 4081, "height": 2196, "position": [1.8460665616323046, -0.42053454531939777, -3.257564638902092], "rotation": [[0.8901541456167832, -0.09577439231812834, -0.44548048533841317], [0.08708700245298531, 0.9953979160236222, -0.03998553212830038], [0.4472599367761533, -0.003202272930723809, 0.8943982862254761]], "fy": 3447.8369277739293, "fx": 3447.83692777393}, {"id": 7, "img_name": "008", "width": 4087, "height": 2197, "position": [1.5056143083791247, -0.4577950281496703, -3.418387852988692], "rotation": [[0.9308741888973389, -0.07901171517510179, -0.35669369676209595], [0.07299551189597096, 0.9968712888453315, -0.030319774387236095], [0.357973322592294, 0.002186856405053276, 0.9337292530339278]], "fy": 3452.228554971341, "fx": 3452.2285549713415}, {"id": 8, "img_name": "009", "width": 4071, "height": 2195, "position": [1.14730074146303, -0.4875930766880541, -3.5441902846062625], "rotation": [[0.9625699682491295, -0.06078340405334279, -0.2641295780796954], [0.056846123526912436, 0.9981286695578637, -0.022531694268557945], [0.26500485743629837, 0.006673589614055292, 0.9642239826600614]], "fy": 3455.618808140842, "fx": 3455.6188081408413}, {"id": 9, "img_name": "010", "width": 4101, "height": 2199, "position": [0.7772323610209797, -0.5156540621766925, -3.616380865803357], "rotation": [[0.9846011119694553, -0.04454316659366689, -0.16904601923239962], [0.042574354296901824, 0.9989768278264627, -0.015255222777122084], [0.16955257197905862, 0.007823284194415105, 0.985490092065719]], "fy": 3451.770284910566, "fx": 3451.7702849105667}, {"id": 10, "img_name": "011", "width": 4111, "height": 2200, "position": [0.4076259749873253, -0.5415303818564438, -3.684868415252243], "rotation": [[0.9969039092825237, -0.02883526412189102, -0.07315137182748149], [0.028266822758359143, 0.9995617268449476, -0.008794370807157283], [0.0733728995499645, 0.006699385775356956, 0.9972820743610424]], "fy": 3469.29082722707, "fx": 3469.2908272270697}, {"id": 11, "img_name": "012", "width": 4116, "height": 2201, "position": [0.026985048608574154, -0.5590390216152846, -3.684738827393934], "rotation": [[0.9996239046404496, -0.012147349652047253, 0.02458640209164913], [0.012259459699060494, 0.9999151064139696, -0.004414251128652062], [-0.024530693411896308, 0.004714006954874155, 0.9996879629260127]], "fy": 3459.115014051164, "fx": 3459.1150140511636}, {"id": 12, "img_name": "013", "width": 4106, "height": 2200, "position": [-0.3497948943769884, -0.5722426546940138, -3.6590123046721965], "rotation": [[0.9926279723122615, 0.0033330986076792043, 0.12115526830030784], [-0.0032149098621970886, 0.9999941465703855, -0.0011709737589789772], [-0.12115846209747812, 0.0007728380410903749, 0.9926328776458778]], "fy": 3462.64103269216, "fx": 3462.641032692161}, {"id": 13, "img_name": "014", "width": 4105, "height": 2199, "position": [-0.7176906389715657, -0.5766695158259226, -3.5773743491561842], "rotation": [[0.9759479502763589, 0.01951828202386956, 0.21712815344448155], [-0.020045702584776153, 0.9997990390359426, 0.0002266069028081047], [-0.21708009618400378, -0.004573642929043762, 0.9761430805118178]], "fy": 3447.4797027058185, "fx": 3447.4797027058185}, {"id": 14, "img_name": "015", "width": 4101, "height": 2199, "position": [-1.0830727107134304, -0.5787926774303626, -3.4808299621128933], "rotation": [[0.9496558066768594, 0.03519618237907571, 0.3113118654835733], [-0.037208354706626305, 0.9993073916962898, 0.0005246343337577808], [-0.31107778317480256, -0.012081624356729454, 0.9503076592177679]], "fy": 3451.9276986683153, "fx": 3451.9276986683158}, {"id": 15, "img_name": "016", "width": 4090, "height": 2197, "position": [-1.4363647574766851, -0.5686885204163794, -3.3583247952445814], "rotation": [[0.9145946095821861, 0.04884597829796071, 0.4014109745975111], [-0.05229453201350567, 0.9986288963001162, -0.002368416327355939], [-0.40097628613759306, -0.018825458255415876, 0.915894983104928]], "fy": 3448.905930653034, "fx": 3448.9059306530335}, {"id": 16, "img_name": "017", "width": 4087, "height": 2197, "position": [-1.773458208170266, -0.5567039886571044, -3.1879031239407416], "rotation": [[0.8703130786329767, 0.06269081138708281, 0.4884925867687444], [-0.06885652974111085, 0.9976122167935629, -0.005351935747436754], [-0.48766168956808736, -0.028978044652156663, 0.8725516313982432]], "fy": 3451.2254198312326, "fx": 3451.225419831231}, {"id": 17, "img_name": "018", "width": 4081, "height": 2196, "position": [-2.087969500049525, -0.5292936885565305, -2.970351136546563], "rotation": [[0.8167325943387972, 0.07564608159017547, 0.572036309760727], [-0.08351613417544558, 0.9964276928112163, -0.012526305572885763], [-0.5709403862725134, -0.037543619151180097, 0.8201326429206586]], "fy": 3437.7808697758405, "fx": 3437.78086977584}, {"id": 18, "img_name": "019", "width": 4078, "height": 2196, "position": [-2.363165719568803, -0.5153123378429835, -2.747730041774396], "rotation": [[0.7595337411604512, 0.08508788392177043, 0.6448787080130058], [-0.09776954368795633, 0.9950781589284796, -0.016142303136672795], [-0.6430782319172818, -0.05078887312416726, 0.7641144403824077]], "fy": 3429.6158449717564, "fx": 3429.6158449717573}, {"id": 19, "img_name": "020", "width": 4088, "height": 2197, "position": [-2.658244319099938, -0.5016409393962432, -2.492789033926659], "rotation": [[0.689269991877797, 0.09204211575066738, 0.7186342096121797], [-0.11189815412125423, 0.9935199349897927, -0.019923400365751246], [-0.7158112051379455, -0.06668123953570997, 0.6951028203747583]], "fy": 3433.148590507897, "fx": 3433.148590507896}, {"id": 20, "img_name": "021", "width": 4101, "height": 2199, "position": [-2.916964979484964, -0.48001563885007786, -2.213054791012651], "rotation": [[0.6138561161111691, 0.0977283779264604, 0.7833452832951596], [-0.1252474586120511, 0.9917955595778658, -0.02558597492476496], [-0.7794188494154688, -0.08240589875422198, 0.6210600011483395]], "fy": 3440.225079240961, "fx": 3440.2250792409604}, {"id": 21, "img_name": "022", "width": 4086, "height": 2197, "position": [-3.1240112973081398, -0.44087137286754174, -1.8953733527802796], "rotation": [[0.5322931061782011, 0.10459064003161328, 0.8400743104826738], [-0.138073204157808, 0.9897768918575741, -0.035742056996715246], [-0.8352244245762684, -0.09696650123902413, 0.5412925809843544]], "fy": 3428.8544503107646, "fx": 3428.8544503107646}, {"id": 22, "img_name": "023", "width": 4079, "height": 2196, "position": [-3.309868020189218, -0.393779833661475, -1.571989647720411], "rotation": [[0.4462548428831042, 0.11013472357805215, 0.8881030108415138], [-0.14814577903447487, 0.9877971988055084, -0.04805748834738578], [-0.8825584645549803, -0.11012282549215952, 0.45712527817653964]], "fy": 3421.55073877443, "fx": 3421.5507387744306}, {"id": 23, "img_name": "024", "width": 4096, "height": 2198, "position": [-3.473424533950047, -0.3588898875816849, -1.233802391959741], "rotation": [[0.35555279390594813, 0.11233579489360235, 0.9278808543834152], [-0.16147079428835323, 0.9852066524348724, -0.05740239184878235], [-0.9206027337226206, -0.12941607776352734, 0.36843192787642887]], "fy": 3433.6167367512785, "fx": 3433.6167367512776}, {"id": 24, "img_name": "025", "width": 4082, "height": 2196, "position": [-3.5589321201365607, -0.3048079421755454, -0.8666868179247178], "rotation": [[0.2611103999818081, 0.1147876658943098, 0.9584597804706654], [-0.1688020191687111, 0.9830353917551019, -0.07174466448077756], [-0.9504352883526084, -0.14305666819631147, 0.2760571541160711]], "fy": 3401.007361992416, "fx": 3401.0073619924156}, {"id": 25, "img_name": "026", "width": 4079, "height": 2196, "position": [-3.64219808758791, -0.2471511772150288, -0.5059103220816725], "rotation": [[0.16410687401184043, 0.11651171441994898, 0.9795376227103203], [-0.17676613534755511, 0.9804003096579131, -0.08699980584436755], [-0.9704754851599041, -0.1588718138172787, 0.18148575557893287]], "fy": 3401.6766004728984, "fx": 3401.676600472899}, {"id": 26, "img_name": "027", "width": 4105, "height": 2200, "position": [-3.705462931113949, -0.19902717616025398, -0.13692917554241316], "rotation": [[0.06596035624119054, 0.11281462182697777, 0.9914242747212573], [-0.18211873789600178, 0.9782597333525394, -0.09920009782346906], [-0.9810616681492056, -0.17401366384009737, 0.0850720170516895]], "fy": 3418.253249681156, "fx": 3418.2532496811564}, {"id": 27, "img_name": "028", "width": 4074, "height": 2195, "position": [-3.675311258278325, -0.13230376742935288, 0.24735134783184604], "rotation": [[-0.03698032488279328, 0.11271125951524498, 0.992939387651658], [-0.18610540912918158, 0.9754595392170256, -0.11765825106369847], [-0.981833607218872, -0.18914243132886774, -0.015096635604715396]], "fy": 3384.492851888489, "fx": 3384.492851888489}, {"id": 28, "img_name": "029", "width": 4083, "height": 2197, "position": [-3.6478385129831503, -0.07415001858485987, 0.6174155916509346], "rotation": [[-0.1359213699647984, 0.107994528160338, 0.9848160046802237], [-0.18772688427297637, 0.9732251073167596, -0.1326329800971165], [-0.9727712979462608, -0.2029040964980932, -0.11200861358056148]], "fy": 3391.352613708176, "fx": 3391.3526137081753}, {"id": 29, "img_name": "030", "width": 4082, "height": 2196, "position": [-3.5748428011374944, -0.013081724545600986, 0.9780763147273418], "rotation": [[-0.23304100373746728, 0.10329428625487516, 0.9669654497468507], [-0.18868606587525683, 0.970643381095519, -0.14916097103457432], [-0.9539860895849331, -0.21721352895838417, -0.20670951530080375]], "fy": 3383.98664437635, "fx": 3383.98664437635}, {"id": 30, "img_name": "031", "width": 4097, "height": 2198, "position": [-3.4857440849882027, 0.04548832950478131, 1.3433644306009198], "rotation": [[-0.3294831796605546, 0.09505068895031639, 0.9393647858264863], [-0.187428277981309, 0.9685344075474785, -0.16374291437987756], [-0.9253709931339597, -0.23001406028050753, -0.30130060925849983]], "fy": 3400.1933223207498, "fx": 3400.1933223207507}, {"id": 31, "img_name": "032", "width": 4090, "height": 2198, "position": [-3.3442436617665394, 0.10509078875141185, 1.6872134902596387], "rotation": [[-0.42158778292811155, 0.08650910735815859, 0.9026516025742454], [-0.1854599177220944, 0.9661707956671005, -0.17921666361841368], [-0.8876194906626784, -0.2429612478237965, -0.39128183174232645]], "fy": 3400.5128226562633, "fx": 3400.512822656263}, {"id": 32, "img_name": "033", "width": 4085, "height": 2197, "position": [-3.1841205803594366, 0.16422692951116155, 2.0179046585059797], "rotation": [[-0.5085568156131142, 0.07680463084437143, 0.8575960669069727], [-0.18252394817275175, 0.9637610691044503, -0.19454976232850446], [-0.8414600249785367, -0.2554714276773565, -0.4761085758559843]], "fy": 3404.974107475109, "fx": 3404.9741074751096}, {"id": 33, "img_name": "034", "width": 4080, "height": 2196, "position": [-2.975012701260501, 0.2215576397690866, 2.3304384037176593], "rotation": [[-0.5920860562290083, 0.06602546897533634, 0.8031654496215376], [-0.17706561865434833, 0.9616250468124774, -0.20958300511600123], [-0.7861818292925197, -0.26630416217079256, -0.5576739410271737]], "fy": 3405.132964533619, "fx": 3405.132964533619}, {"id": 34, "img_name": "035", "width": 4082, "height": 2196, "position": [-2.729574840115351, 0.2747475661531679, 2.61122513460714], "rotation": [[-0.6687342150282298, 0.05551323082445728, 0.741426214032123], [-0.16868310169019285, 0.9598768838912006, -0.22401423833206305], [-0.7241136380808977, -0.2748720592834943, -0.6325383705124125]], "fy": 3395.424950599489, "fx": 3395.424950599488}, {"id": 35, "img_name": "036", "width": 4085, "height": 2197, "position": [-2.46594867661408, 0.32692741122233354, 2.874123300415755], "rotation": [[-0.7390055973646925, 0.04302163396676588, 0.6723242268983645], [-0.1602110299685577, 0.9581070611394958, -0.23740953070812532], [-0.6543723350968221, -0.2831607289252307, -0.7011539407679771]], "fy": 3398.0519171237806, "fx": 3398.0519171237806}, {"id": 36, "img_name": "037", "width": 4113, "height": 2201, "position": [-2.160588656238119, 0.37768315562615173, 3.0943385561804826], "rotation": [[-0.8025920425426611, 0.031831581981954654, 0.5956784062190986], [-0.14864938389599683, 0.956402408933056, -0.25139171198428206], [-0.5777104585469609, -0.29031221568437965, -0.76286921782825]], "fy": 3393.313958318792, "fx": 3393.3139583187926}, {"id": 37, "img_name": "038", "width": 4095, "height": 2198, "position": [-1.8629326648436824, 0.4250632222596946, 3.306926225252837], "rotation": [[-0.8568951683333496, 0.016690526700341483, 0.5152204351589965], [-0.14004669479098897, 0.9543465305214515, -0.2638363564025778], [-0.49610240249879883, -0.298235018064837, -0.8154374778208235]], "fy": 3391.6088638967594, "fx": 3391.6088638967594}, {"id": 38, "img_name": "039", "width": 4087, "height": 2197, "position": [-1.5264484642544525, 0.4673841245057933, 3.4752990556439434], "rotation": [[-0.9039259504462973, 0.0027557720654539817, 0.4276801162435325], [-0.1274765650739782, 0.9527916231132942, -0.275568227998211], [-0.40824943535380187, -0.3036124645752501, -0.8609017771429239]], "fy": 3382.6395344340003, "fx": 3382.6395344340003}, {"id": 39, "img_name": "040", "width": 4089, "height": 2197, "position": [-1.1492683108956867, 0.49984946910662914, 3.6094907243147936], "rotation": [[-0.9438931558195333, -0.012030283668464935, 0.3300317903958619], [-0.11172451805430844, 0.9520451967940331, -0.28482902823789463], [-0.3107786068290003, -0.3057208130570556, -0.8999730229296643]], "fy": 3372.7920223699325, "fx": 3372.792022369932}, {"id": 40, "img_name": "041", "width": 4082, "height": 2196, "position": [-0.7890333374774845, 0.5298918990768052, 3.6895541237643728], "rotation": [[-0.9712778050113368, -0.02591665772540405, 0.2365327722424609], [-0.09712406881615152, 0.9506537511502651, -0.294659737121524], [-0.21722417164983063, -0.30916948794516314, -0.9258660199914297]], "fy": 3355.9483751233743, "fx": 3355.9483751233743}, {"id": 41, "img_name": "042", "width": 4095, "height": 2198, "position": [-0.42832904174271685, 0.5539111477419486, 3.763776745583355], "rotation": [[-0.9892254004625816, -0.040870117320382746, 0.1405800149020539], [-0.08191154744943638, 0.9503878538571203, -0.3000890295150684], [-0.12134086481512436, -0.30837081695756335, -0.9434955398807361]], "fy": 3368.9967221006123, "fx": 3368.9967221006127}, {"id": 42, "img_name": "043", "width": 4104, "height": 2199, "position": [-0.06343069302082892, 0.5710722959391583, 3.7812961618319623], "rotation": [[-0.9974563467007986, -0.05585724599399176, 0.04428097216934999], [-0.0667589611934794, 0.949783292321385, -0.3057040050891028], [-0.024981543720586332, -0.307882551790642, -0.9510963446340326]], "fy": 3355.7480597047565, "fx": 3355.748059704756}, {"id": 43, "img_name": "044", "width": 4094, "height": 2198, "position": [0.30649333394934164, 0.5858181425024173, 3.7678231003292315], "rotation": [[-0.9959651337864996, -0.07160981698776424, -0.05408776564638357], [-0.05138109589971056, 0.9491717284628961, -0.3105366530232829], [0.07357605089826406, -0.306504590500268, -0.9490213383989206]], "fy": 3347.6746254166633, "fx": 3347.6746254166624}, {"id": 44, "img_name": "045", "width": 4110, "height": 2200, "position": [0.6733803595528024, 0.5972411850121075, 3.718516470414066], "rotation": [[-0.9847843372478167, -0.08406881789774882, -0.15209287612723013], [-0.032536910017638955, 0.9489186582222814, -0.31383869991466884], [0.17070781645221136, -0.30411480387330814, -0.9372155715027451]], "fy": 3348.4647005686184, "fx": 3348.4647005686184}, {"id": 45, "img_name": "046", "width": 4126, "height": 2202, "position": [1.0460662308216817, 0.6062442493983956, 3.659000731179083], "rotation": [[-0.963058243086525, -0.09995668093802769, -0.25005495867698335], [-0.01694034148570938, 0.9492084144936829, -0.31419167825506816], [0.2687598281987881, -0.29834886926254983, -0.9158362882941008]], "fy": 3374.851163731653, "fx": 3374.8511637316537}, {"id": 46, "img_name": "047", "width": 4120, "height": 2201, "position": [1.3969709487833315, 0.6081734874408209, 3.5341810482695166], "rotation": [[-0.9322146478898946, -0.11359405381799526, -0.3436164157846859], [0.0005818122053571493, 0.9489919132690136, -0.31529987320735625], [0.3619053906120734, -0.29412708050638864, -0.8845980718714634]], "fy": 3366.4020268273966, "fx": 3366.402026827397}, {"id": 47, "img_name": "048", "width": 4111, "height": 2200, "position": [1.736693072746956, 0.6039573677947194, 3.379414595006965], "rotation": [[-0.8916504396569076, -0.1287493383725362, -0.43403122160540175], [0.01606397557270378, 0.9491080528853805, -0.31454070108162685], [0.452439434784859, -0.28743262135108444, -0.8442043864105429]], "fy": 3365.8110094450053, "fx": 3365.8110094450053}, {"id": 48, "img_name": "049", "width": 4133, "height": 2203, "position": [2.061803143849834, 0.5899912770008404, 3.2048734611459344], "rotation": [[-0.8428967067887677, -0.139802504086943, -0.5195963832973342], [0.03368789720257937, 0.9500515035141897, -0.3102696669874388], [0.5370198015592335, -0.27902939006751254, -0.7960856312054838]], "fy": 3370.764878886938, "fx": 3370.7648788869374}, {"id": 49, "img_name": "050", "width": 4148, "height": 2205, "position": [2.3738830474774812, 0.571849393473891, 2.995795302312371], "rotation": [[-0.7847047746178876, -0.1513199746286169, -0.6011161967292887], [0.04984988126407691, 0.951200004384564, -0.30452182351477364], [0.6178619635726476, -0.2689252999202571, -0.7388679022890033]], "fy": 3386.4224605961986, "fx": 3386.422460596198}, {"id": 50, "img_name": "051", "width": 4147, "height": 2205, "position": [2.6867244967846147, 0.5426934630102831, 2.7733200941590073], "rotation": [[-0.7174969524324416, -0.16084235758562196, -0.6777373084436602], [0.0642290733806413, 0.9535533586766688, -0.2942968200458658], [0.6935940811330661, -0.2546875108102937, -0.6738408732441461]], "fy": 3410.9772320472516, "fx": 3410.977232047252}, {"id": 51, "img_name": "052", "width": 4136, "height": 2204, "position": [2.9350141422891696, 0.5115621088377138, 2.4810164881408623], "rotation": [[-0.6426137623765321, -0.17164020517227244, -0.7467176122020278], [0.0791625351605646, 0.9544957083342227, -0.2875260610770837], [0.7620897883000599, -0.24388026312100516, -0.5997846045279913]], "fy": 3394.671983423436, "fx": 3394.6719834234364}, {"id": 52, "img_name": "053", "width": 4139, "height": 2204, "position": [3.16550817959306, 0.47579231247141235, 2.1873365242487584], "rotation": [[-0.5630545018457604, -0.1800392076486204, -0.8065702149599122], [0.09208670540932978, 0.9562350513417434, -0.2777311024575912], [0.821273198538755, -0.23065214131828615, -0.5218332330038128]], "fy": 3395.812508440227, "fx": 3395.812508440227}, {"id": 53, "img_name": "054", "width": 4120, "height": 2202, "position": [3.3696753781375124, 0.4273790270593624, 1.8684037793100134], "rotation": [[-0.476165585380078, -0.18568556882691534, -0.8595273147661286], [0.10422409226664017, 0.9586442957541842, -0.2648366530696968], [0.8731573019169235, -0.2156895540989154, -0.4371205124010638]], "fy": 3396.3140525032154, "fx": 3396.3140525032154}, {"id": 54, "img_name": "055", "width": 4113, "height": 2201, "position": [3.5375202098310097, 0.38457205439026665, 1.5304522653308847], "rotation": [[-0.38508249265147826, -0.19191557002640436, -0.9027069778365313], [0.1151200202209433, 0.9605101872443321, -0.25331316812236115], [0.9156739893639294, -0.20146611174413004, -0.3477823328190319]], "fy": 3396.443281098853, "fx": 3396.443281098852}, {"id": 55, "img_name": "056", "width": 4091, "height": 2198, "position": [3.6916788799755125, 0.3416200440361807, 1.1930635980108797], "rotation": [[-0.2920092695001104, -0.19573173357641102, -0.9361728873435637], [0.12368569530695328, 0.9628869917496412, -0.2398968317751649], [0.9483841180146616, -0.18584329310066347, -0.2569627115109378]], "fy": 3415.9095916112497, "fx": 3415.90959161125}, {"id": 56, "img_name": "057", "width": 4086, "height": 2197, "position": [3.780790265179012, 0.2892093188413563, 0.8302940120605535], "rotation": [[-0.19530506857148158, -0.19887601615241673, -0.9603667322380718], [0.1313778253729947, 0.965093153551287, -0.2265724430920384], [0.9719031830334497, -0.17042163937650567, -0.1623596860112524]], "fy": 3410.84815397, "fx": 3410.84815397}, {"id": 57, "img_name": "058", "width": 4077, "height": 2196, "position": [3.8323067866484037, 0.24278041656082405, 0.45564504379829196], "rotation": [[-0.09560361856445372, -0.20242969765759128, -0.9746189848467135], [0.13812232803155428, 0.9669345195929542, -0.21438250236128437], [0.9857901250350026, -0.15511238611341957, -0.06448237788477797]], "fy": 3404.569918645508, "fx": 3404.569918645508}, {"id": 58, "img_name": "059", "width": 4097, "height": 2198, "position": [3.859079175244106, 0.1778323654240029, 0.08361670364630526], "rotation": [[0.005012036353968643, -0.19956253370697824, -0.97987227465218], [0.14127497238413383, 0.9701977873399193, -0.196869590385582], [0.9899577070104806, -0.13744471099746175, 0.03305585801904874]], "fy": 3411.7567452136723, "fx": 3411.7567452136723}, {"id": 59, "img_name": "060", "width": 4086, "height": 2197, "position": [3.8435399329815936, 0.12089984791508146, -0.2866844721608346], "rotation": [[0.1036746312234948, -0.19802339999246435, -0.9746990837669318], [0.1454639548126584, 0.9724613830144282, -0.18209639314364898], [0.9839165659195566, -0.1229048070707162, 0.12962484217146342]], "fy": 3411.007788941087, "fx": 3411.007788941087}, {"id": 60, "img_name": "061", "width": 4073, "height": 2195, "position": [3.7866460341893142, 0.05893796257322783, -0.6492203000139206], "rotation": [[0.20141452401851737, -0.19352661888228645, -0.960197707401129], [0.1465302930441959, 0.9752097590362003, -0.1658155574755826], [0.9684838990580978, -0.10730038986204295, 0.22477892161116322]], "fy": 3407.723508739405, "fx": 3407.7235087394056}, {"id": 61, "img_name": "062", "width": 4066, "height": 2194, "position": [3.6967652020292667, 0.0018167011833595495, -1.0173321883278168], "rotation": [[0.2994061700824336, -0.1891033449488299, -0.9351983053052078], [0.14596042303588294, 0.9777034562684426, -0.15096856132297226], [0.9428952753215781, -0.09130102151622287, 0.32033205154392413]], "fy": 3409.084497540874, "fx": 3409.084497540874}, {"id": 62, "img_name": "063", "width": 4067, "height": 2194, "position": [3.553555264715623, -0.05572086265715827, -1.3633369574404255], "rotation": [[0.3936494211401375, -0.18271262002907174, -0.900919658858739], [0.14358140106251827, 0.9802404409975681, -0.1360627028315168], [0.9079782566256522, -0.0757943026553146, 0.4121052161524235]], "fy": 3400.8470779954164, "fx": 3400.8470779954173}]