[{"id": 0, "img_name": "001", "width": 4065, "height": 2194, "position": [-3.3808253367464496, -0.30073161519486563, -1.4208965811880758], "rotation": [[0.3954689491321131, 0.12931384711950178, 0.9093306545011534], [-0.15255596661404888, 0.9855352113276513, -0.07380395845627241], [-0.9057212525511341, -0.10953664307671704, 0.4094761733003382]], "fy": 3426.7805901542492, "fx": 3426.780590154249}, {"id": 1, "img_name": "002", "width": 4065, "height": 2194, "position": [-3.5051951187267716, -0.2519682075807327, -1.0768935850237211], "rotation": [[0.30490568460275913, 0.13311456915764905, 0.9430339521856551], [-0.1618831666050462, 0.9830187113165735, -0.08641790075803661], [-0.9385235020322323, -0.1263120132033231, 0.3212770011278086]], "fy": 3425.480562164084, "fx": 3425.480562164084}, {"id": 2, "img_name": "003", "width": 4068, "height": 2195, "position": [-3.6008559584503876, -0.18775696015868892, -0.7211013064854657], "rotation": [[0.20867492596828005, 0.13823824896231876, 0.9681657718572606], [-0.16868040394147693, 0.9802110386856588, -0.10360135599943714], [-0.9633284468955918, -0.1416915881857985, 0.22786354960614705]], "fy": 3426.9289835606323, "fx": 3426.928983560633}, {"id": 3, "img_name": "004", "width": 4073, "height": 2195, "position": [-3.64871222643337, -0.13577793206240177, -0.3510546331334135], "rotation": [[0.11127848470817404, 0.1372534380166773, 0.984265509196403], [-0.17208725581165119, 0.9781160321140876, -0.11694017320240509], [-0.9787763152162336, -0.1563666251921915, 0.13246283742143197]], "fy": 3423.7556586965006, "fx": 3423.7556586964997}, {"id": 4, "img_name": "005", "width": 4066, "height": 2194, "position": [-3.681552325566224, -0.07834877473263299, 0.010051315236062362], "rotation": [[0.013617660091955157, 0.1368026579526127, 0.9905047158447656], [-0.17713926920206532, 0.975258202183324, -0.13226155291961855], [-0.9840915804132141, -0.17365618863504773, 0.037513857553849686]], "fy": 3423.627037462634, "fx": 3423.6270374626342}, {"id": 5, "img_name": "006", "width": 4080, "height": 2196, "position": [-3.657297909902622, -0.022699451420807537, 0.3746569370347285], "rotation": [[-0.08472095235433275, 0.13397767718672488, 0.987356238774954], [-0.1796252285842369, 0.9726305862177917, -0.14739240146525634], [-0.980080168908766, -0.18984131470595225, -0.058336418663473666]], "fy": 3418.287670312518, "fx": 3418.287670312517}, {"id": 6, "img_name": "007", "width": 4079, "height": 2196, "position": [-3.618906025484475, 0.036390985738904126, 0.7435118821808446], "rotation": [[-0.18282604032400085, 0.12891234649941996, 0.9746569888424642], [-0.17959927901472517, 0.9703049491745519, -0.16202593799994225], [-0.9666016438827514, -0.2046702531570812, -0.154244447276972]], "fy": 3430.7247349956115, "fx": 3430.7247349956115}, {"id": 7, "img_name": "008", "width": 4086, "height": 2197, "position": [-3.5363489715559147, 0.09476751462158872, 1.1001809410620398], "rotation": [[-0.27873510161802445, 0.12304097680410839, 0.952453495533026], [-0.17978121615091414, 0.9675411661851638, -0.1776029449540513], [-0.9433904056355923, -0.2207374226635446, -0.24756722883000443]], "fy": 3432.162765840083, "fx": 3432.1627658400826}, {"id": 8, "img_name": "009", "width": 4069, "height": 2195, "position": [-3.4214773782630545, 0.15455860012492445, 1.452563936000441], "rotation": [[-0.3725208628192648, 0.11538098679224862, 0.9208232374626727], [-0.17917631561747607, 0.9646290863596498, -0.19335607999412396], [-0.9105624935643556, -0.2370188887742798, -0.33867091944551203]], "fy": 3434.535993751381, "fx": 3434.5359937513817}, {"id": 9, "img_name": "010", "width": 4096, "height": 2198, "position": [-3.2460587408081323, 0.20786636385634288, 1.7795660925319077], "rotation": [[-0.4625729463540807, 0.1062615111017893, 0.8801901843122705], [-0.17542907461148888, 0.9621915241535183, -0.20835573097010318], [-0.8690517298079904, -0.2507906738806163, -0.42644240972521114]], "fy": 3424.046521693587, "fx": 3424.0465216935877}, {"id": 10, "img_name": "011", "width": 4114, "height": 2201, "position": [-3.0674093846331685, 0.2641808908865087, 2.0988463273743894], "rotation": [[-0.5471550050579113, 0.09593679045172923, 0.8315152029144732], [-0.16974781071776904, 0.9600496429869795, -0.2224642977133591], [-0.8196383844090033, -0.2628703392138311, -0.5090109071179161]], "fy": 3437.3689580009013, "fx": 3437.3689580009013}, {"id": 11, "img_name": "012", "width": 4123, "height": 2202, "position": [-2.8411260854932294, 0.31449903190565076, 2.3893285558858373], "rotation": [[-0.6270948058457418, 0.08424084763785586, 0.7743743178015055], [-0.16333252988003183, 0.9578136752271016, -0.23646447562147888], [-0.7616262791975338, -0.2747661608299101, -0.5868807099390064]], "fy": 3427.558691882575, "fx": 3427.558691882575}, {"id": 12, "img_name": "013", "width": 4119, "height": 2201, "position": [-2.6004999816114274, 0.3629772353464204, 2.666024325531838], "rotation": [[-0.7002124204284385, 0.07151080315236677, 0.7103441217538521], [-0.15498012587437465, 0.9560197725879379, -0.24901276072697673], [-0.6969101282530702, -0.284451049309738, -0.6583341656673138]], "fy": 3433.527455297849, "fx": 3433.5274552978485}, {"id": 13, "img_name": "014", "width": 4123, "height": 2202, "position": [-2.319770496206971, 0.40602723032227306, 2.901933730559792], "rotation": [[-0.7670160523642131, 0.057341741468362205, 0.6390604823496705], [-0.14633440970773828, 0.9541159076396674, -0.26124523981198483], [-0.6247180291548386, -0.29389583099171235, -0.7234311470862894]], "fy": 3420.805353791207, "fx": 3420.805353791207}, {"id": 14, "img_name": "015", "width": 4118, "height": 2201, "position": [-2.026317262077466, 0.4473305165535895, 3.125935437456496], "rotation": [[-0.8266556440869044, 0.04182304927194294, 0.5611517429794386], [-0.13661953173895813, 0.9524787195297487, -0.2722487693092444], [-0.5458713673079886, -0.3017202701055515, -0.7816580639645061]], "fy": 3423.1507536029394, "fx": 3423.1507536029394}, {"id": 15, "img_name": "016", "width": 4112, "height": 2200, "position": [-1.715039423990775, 0.4913661957213097, 3.312073738556739], "rotation": [[-0.8774239717727883, 0.028113770802054287, 0.47889120857430073], [-0.12451253277894338, 0.950721827752413, -0.2839447752928088], [-0.46327508344334406, -0.30876790980670377, -0.8306856053490764]], "fy": 3414.5533875145934, "fx": 3414.553387514594}, {"id": 16, "img_name": "017", "width": 4140, "height": 2204, "position": [-1.38667786870446, 0.5266954217341367, 3.4832915483695004], "rotation": [[-0.9203017811154672, 0.013114203871713912, 0.39098932125124547], [-0.11045987242020397, 0.9500600169393707, -0.29186397653371804], [-0.3752908848621437, -0.3117915679904984, -0.8728933324693318]], "fy": 3433.3351253021806, "fx": 3433.3351253021806}, {"id": 17, "img_name": "018", "width": 4102, "height": 2199, "position": [-1.0325641399766878, 0.5630955674022318, 3.5946692649968286], "rotation": [[-0.9543150468867446, -0.0028859490545229687, 0.2987883240416274], [-0.09766528830337987, 0.9480427785195155, -0.30278107859906767], [-0.28239030214610333, -0.31812978702889766, -0.9050133456799297]], "fy": 3412.733490865178, "fx": 3412.733490865178}, {"id": 18, "img_name": "019", "width": 4092, "height": 2198, "position": [-0.6939651506538327, 0.5755626825125852, 3.6843941929542834], "rotation": [[-0.9776314806430326, -0.01936225628112936, 0.2094320679538235], [-0.08443468271294768, 0.948122613162462, -0.306487022180627], [-0.19263299927809596, -0.3173146914999181, -0.928549360102863]], "fy": 3404.3451950474278, "fx": 3404.3451950474278}, {"id": 19, "img_name": "020", "width": 4109, "height": 2200, "position": [-0.3164742059462392, 0.5852258401375818, 3.7558185412740714], "rotation": [[-0.9933229478130369, -0.03607121441847522, 0.10958279444508906], [-0.06844391610384679, 0.948899063742389, -0.30806816969168915], [-0.09287061804676355, -0.3135114580349404, -0.9450320703470426]], "fy": 3407.227395774263, "fx": 3407.227395774263}, {"id": 20, "img_name": "021", "width": 4118, "height": 2201, "position": [0.055960840829736055, 0.5904821922963309, 3.7849963750679088], "rotation": [[-0.9985850889453876, -0.05197129320024584, 0.011260764584406006], [-0.052907707828731124, 0.9496982137361202, -0.3086649919876435], [0.005347390788128012, -0.3088240397208684, -0.9511041572310795]], "fy": 3410.648826887352, "fx": 3410.648826887352}, {"id": 21, "img_name": "022", "width": 4098, "height": 2199, "position": [0.43014847482414303, 0.594608227283773, 3.7649383878332543], "rotation": [[-0.9938896245514766, -0.06772329024857701, -0.08716059985355738], [-0.03751919940082908, 0.9499149188756584, -0.3102482176802506], [0.103806184234109, -0.3050822886621875, -0.946651505708091]], "fy": 3403.4725528086, "fx": 3403.4725528086}, {"id": 22, "img_name": "023", "width": 4095, "height": 2198, "position": [0.8029210710017475, 0.598530947414937, 3.7229164865492], "rotation": [[-0.9794351558188066, -0.08163495128456463, -0.18450612530470883], [-0.02064660136931519, 0.9502399285287219, -0.3108340330170205], [0.2007000084655871, -0.30063235514245024, -0.9323838767607562]], "fy": 3403.3151588456312, "fx": 3403.3151588456317}, {"id": 23, "img_name": "024", "width": 4109, "height": 2200, "position": [1.152742981810506, 0.5849206237096388, 3.604065756164763], "rotation": [[-0.9551481772697911, -0.09859698999736553, -0.2792321489758209], [-0.007878367407428796, 0.9510702174576674, -0.3088743640900277], [0.2960234632342328, -0.2928208924043583, -0.9091897679727406]], "fy": 3388.5379782361188, "fx": 3388.5379782361183}, {"id": 24, "img_name": "025", "width": 4095, "height": 2198, "position": [1.5051304203917322, 0.5727442768815024, 3.4828704202154284], "rotation": [[-0.9215609631251329, -0.1108206961328074, -0.3720808575464714], [0.009008840008823191, 0.9520318263150473, -0.30586638011545325], [0.38812914351485256, -0.285226532762777, -0.8763570008635472]], "fy": 3377.113245141795, "fx": 3377.113245141795}, {"id": 25, "img_name": "026", "width": 4093, "height": 2198, "position": [1.8426478309526038, 0.5585790224979884, 3.3235166266499387], "rotation": [[-0.8783432652722041, -0.12467893666776464, -0.4614848546836155], [0.023677366213802592, 0.9528560975650733, -0.3024973382729791], [0.4774437041999189, -0.2766232457413064, -0.8339826672272059]], "fy": 3375.3691304986605, "fx": 3375.3691304986605}, {"id": 26, "img_name": "027", "width": 4106, "height": 2200, "position": [2.15861925302112, 0.5379183100714304, 3.127600174099319], "rotation": [[-0.8269023058714808, -0.13595634252988195, -0.5456633114570976], [0.03871304786764011, 0.9542696744988802, -0.2964299044573587], [0.5610114762366504, -0.26624286142110626, -0.783824509870083]], "fy": 3370.044243673256, "fx": 3370.044243673256}, {"id": 27, "img_name": "028", "width": 4084, "height": 2197, "position": [2.480525495506553, 0.5103506568987058, 2.9129120924631917], "rotation": [[-0.7644609222173352, -0.14629839384418458, -0.6278505223070484], [0.05437741299034686, 0.9558059022381834, -0.2889258974254977], [0.642372629677743, -0.2550134451460625, -0.7227209333038843]], "fy": 3373.0560500428373, "fx": 3373.056050042838}, {"id": 28, "img_name": "029", "width": 4089, "height": 2197, "position": [2.764116782222165, 0.47954591154011783, 2.6690203503932084], "rotation": [[-0.696622152653548, -0.15454388641582412, -0.7005952923077838], [0.06888932112081117, 0.9576023586015862, -0.27973556126490745], [0.7141231251456921, -0.24313352292962778, -0.656440593016594]], "fy": 3380.9568324985275, "fx": 3380.9568324985275}, {"id": 29, "img_name": "030", "width": 4091, "height": 2198, "position": [3.005812623330803, 0.4407126660442799, 2.3858620233613146], "rotation": [[-0.6220121887417637, -0.1631242593096658, -0.7658272083710221], [0.08133771396757278, 0.959306197111717, -0.27039932779055625], [0.7787714769707539, -0.23048231213637252, -0.5834319929940951]], "fy": 3372.761393992807, "fx": 3372.761393992807}, {"id": 30, "img_name": "031", "width": 4097, "height": 2198, "position": [3.2476036829315595, 0.4001991856954799, 2.0926222830831356], "rotation": [[-0.5397626890316768, -0.16864955358292788, -0.8247506093393154], [0.09357629512423954, 0.9616342591001796, -0.2578818115254923], [0.8366000935453654, -0.21637208646479208, -0.50327269315825]], "fy": 3389.011536748344, "fx": 3389.011536748343}, {"id": 31, "img_name": "032", "width": 4099, "height": 2199, "position": [3.43833538743519, 0.3539999195985959, 1.7724568528464668], "rotation": [[-0.4531787437256987, -0.1736956488891627, -0.8743333733720622], [0.10381938168498564, 0.9638734539405996, -0.24529472227336185], [0.885353354442024, -0.20193510429242154, -0.41877398609830585]], "fy": 3393.1729180017596, "fx": 3393.1729180017596}, {"id": 32, "img_name": "033", "width": 4087, "height": 2197, "position": [3.5987447844702616, 0.30353458992346966, 1.4403739319486557], "rotation": [[-0.3630880523189911, -0.17774214637933786, -0.9146446280734757], [0.11188542282436108, 0.9662165229691636, -0.23217941963230382], [0.9250128206801325, -0.18663697420887831, -0.33093492024193966]], "fy": 3393.054792987359, "fx": 3393.054792987359}, {"id": 33, "img_name": "034", "width": 4082, "height": 2196, "position": [3.729139280803957, 0.2505805454632247, 1.0867707431283544], "rotation": [[-0.26754029187418044, -0.17977712450283878, -0.9466268418597522], [0.11969137590276828, 0.9686301041009701, -0.21778359893216537], [0.9560837655552885, -0.17156895679240705, -0.23762980938170322]], "fy": 3397.2777616762683, "fx": 3397.277761676268}, {"id": 34, "img_name": "035", "width": 4078, "height": 2196, "position": [3.8290836510641073, 0.1937881201261407, 0.7202779400472035], "rotation": [[-0.17003906315533407, -0.17992584216571364, -0.9688722352932893], [0.12731563294582032, 0.9709388125454277, -0.2026537734671626], [0.9771783085030395, -0.15781163966524656, -0.1421901535877395]], "fy": 3397.1908414363647, "fx": 3397.190841436365}, {"id": 35, "img_name": "036", "width": 4080, "height": 2196, "position": [3.8801630063605397, 0.13590800952300175, 0.349306716187241], "rotation": [[-0.07110336513148259, -0.178887748586643, -0.9812968383076454], [0.13199738930139526, 0.9734473675564163, -0.18702115338939368], [0.9886966171099175, -0.14282645414307968, -0.04560266782020319]], "fy": 3402.023799501494, "fx": 3402.0237995014945}, {"id": 36, "img_name": "037", "width": 4102, "height": 2199, "position": [3.8710736433237, 0.07713759153065967, -0.02185038395436157], "rotation": [[0.02839785794269018, -0.17752488484244458, -0.9837064993817736], [0.13716727440089688, 0.9754860633027717, -0.17208160603472364], [0.990140747822094, -0.1300455903279214, 0.05205231924291743]], "fy": 3396.028266358156, "fx": 3396.0282663581556}, {"id": 37, "img_name": "038", "width": 4079, "height": 2196, "position": [3.8471071560515644, 0.020042628085115356, -0.3945569039193961], "rotation": [[0.1276262098129432, -0.17490806072832263, -0.9762779936375909], [0.1361994413503818, 0.9780930711224675, -0.15742825794012932], [0.9824262123664182, -0.11287654545775841, 0.14865269167053824]], "fy": 3389.6492494181634, "fx": 3389.649249418164}, {"id": 38, "img_name": "039", "width": 4071, "height": 2195, "position": [3.77928155772544, -0.03731617811314078, -0.7648687716809154], "rotation": [[0.2265248322879557, -0.17076772469558094, -0.9589186016337401], [0.13619130127630466, 0.9803920864956956, -0.14241940244672852], [0.9644368459435696, -0.09833484092075742, 0.24534023161216129]], "fy": 3385.1549288435904, "fx": 3385.1549288435904}, {"id": 39, "img_name": "040", "width": 4074, "height": 2195, "position": [3.671836008507281, -0.10595915022686911, -1.1463943828399128], "rotation": [[0.32844783373049047, -0.16311687402787167, -0.9303305358447199], [0.13588857922006167, 0.9828883772986664, -0.12435727485252897], [0.9346958406643849, -0.08557641718703728, 0.3449932785810893]], "fy": 3384.184375754858, "fx": 3384.184375754858}, {"id": 40, "img_name": "041", "width": 4064, "height": 2194, "position": [3.51967592527029, -0.16079170231176793, -1.4781835544434594], "rotation": [[0.4193330489884598, -0.15705048699157007, -0.8941448084967851], [0.13295071659671762, 0.9849272985644819, -0.1106450337741875], [0.8980444871956296, -0.07248007366292127, 0.43389254192640403]], "fy": 3371.0913531243673, "fx": 3371.091353124367}, {"id": 41, "img_name": "042", "width": 4074, "height": 2195, "position": [3.3621685597034547, -0.2205187513483902, -1.8068200184652063], "rotation": [[0.5062167510402802, -0.1473899132956738, -0.849718079379812], [0.12877816871458553, 0.9871594899393819, -0.0945109765325543], [0.8527372304694691, -0.06158209870825323, 0.5186972728769126]], "fy": 3385.3396660854823, "fx": 3385.339666085482}, {"id": 42, "img_name": "043", "width": 4077, "height": 2196, "position": [3.160304364821123, -0.2743875317187851, -2.1108974217106393], "rotation": [[0.5879033952979725, -0.13767007632339157, -0.7971301950636592], [0.1223896681254351, 0.9892057627527552, -0.08057746628484666], [0.7996188885545797, -0.05018873401323536, 0.5984068215226888]], "fy": 3377.111422699059, "fx": 3377.111422699059}, {"id": 43, "img_name": "044", "width": 4080, "height": 2196, "position": [2.9239965883050303, -0.3229267502845132, -2.3953757003952356], "rotation": [[0.6652140992600284, -0.12643773427162544, -0.7358693508347302], [0.11329331007933344, 0.9912387148682238, -0.06790019173507736], [0.7380073360319241, -0.03820090965736418, 0.6737105182972969]], "fy": 3374.6280227230272, "fx": 3374.628022723027}, {"id": 44, "img_name": "045", "width": 4093, "height": 2198, "position": [2.6622044926232094, -0.36986207760022033, -2.660099252070353], "rotation": [[0.7359155777693389, -0.11670055986144838, -0.6669402085078125], [0.10683752627462774, 0.9927085500789349, -0.05581646333920609], [0.6685910598983045, -0.03017803718274615, 0.7430176853183634]], "fy": 3376.710233883567, "fx": 3376.7102338835666}, {"id": 45, "img_name": "046", "width": 4108, "height": 2200, "position": [2.382829157294566, -0.416292448948394, -2.922412486671946], "rotation": [[0.8009340557675548, -0.1025011881935744, -0.589913675659957], [0.09528875882870003, 0.994502001026697, -0.04342605663402756], [0.5911215532803903, -0.021430734303830416, 0.8062977321526938]], "fy": 3403.0569653773823, "fx": 3403.0569653773814}, {"id": 46, "img_name": "047", "width": 4101, "height": 2199, "position": [2.0678099426310412, -0.4490170858526966, -3.1208728558727334], "rotation": [[0.8561824792022518, -0.09065345105029055, -0.5086585437400598], [0.08475034769348931, 0.9957937031167299, -0.034817802901716495], [0.5096753288839065, -0.013298595630467014, 0.8602640330045997]], "fy": 3394.2767346706655, "fx": 3394.2767346706655}, {"id": 47, "img_name": "048", "width": 4097, "height": 2198, "position": [1.7326150865210233, -0.47995753958770737, -3.3001620844717157], "rotation": [[0.9037398162926948, -0.07611046692923054, -0.42126184407214085], [0.07138729871455463, 0.9970832462924679, -0.026997287736227484], [0.42208790320202877, -0.005674221240682811, 0.90653715047086]], "fy": 3396.299881130966, "fx": 3396.2998811309662}, {"id": 48, "img_name": "049", "width": 4125, "height": 2202, "position": [1.3935057423549788, -0.5130950531848313, -3.459401971955757], "rotation": [[0.9415979831148642, -0.06250234597041107, -0.33088773767278673], [0.05975431368886295, 0.998042004295511, -0.01848187375164013], [0.33139502137116184, -0.002369474623969992, 0.9434891230959758]], "fy": 3407.694553752282, "fx": 3407.694553752282}, {"id": 49, "img_name": "050", "width": 4130, "height": 2203, "position": [1.024308368889915, -0.5357862039044522, -3.564572477722114], "rotation": [[0.9707602889561867, -0.04769960319613414, -0.23526412654850742], [0.046162979299986064, 0.9988613849812057, -0.012037978882546005], [0.2355704580966167, 0.0008254988545807782, 0.9718569225064929]], "fy": 3415.2818808133125, "fx": 3415.281880813312}, {"id": 50, "img_name": "051", "width": 4129, "height": 2203, "position": [0.6509071858912248, -0.5708898374019094, -3.6807959592684725], "rotation": [[0.9901753161006106, -0.030364418820647224, -0.1364948550486069], [0.030199078824116994, 0.999538514429357, -0.00328234832531742], [0.13653153124180015, -0.0008719185961258166, 0.9906353419572367]], "fy": 3444.3358913961993, "fx": 3444.3358913962}, {"id": 51, "img_name": "052", "width": 4115, "height": 2201, "position": [0.2588087265078574, -0.5776601164862459, -3.695168835578738], "rotation": [[0.9992523615692692, -0.015080069115680555, -0.035599289511237614], [0.015035392842563352, 0.9998858031586175, -0.0015223678649397827], [0.03561818159744276, 0.0009859803815006414, 0.9993649848690812]], "fy": 3427.4816772154513, "fx": 3427.4816772154513}, {"id": 52, "img_name": "053", "width": 4121, "height": 2202, "position": [-0.12225265915335878, -0.5862884561166879, -3.6940523580392437], "rotation": [[0.9980151811250758, 0.0004998714021697829, 0.06297180617120393], [-0.0005431722001938464, 0.9999996276937021, 0.0006705045997769653], [-0.06297144756032945, -0.0007033783040997978, 0.9980150810739875]], "fy": 3429.3191912343796, "fx": 3429.31919123438}, {"id": 53, "img_name": "054", "width": 4107, "height": 2200, "position": [-0.5082514611415835, -0.5940598634528278, -3.6577387086233992], "rotation": [[0.9865471365694853, 0.01584165033783482, 0.1627076809530616], [-0.016506927466905064, 0.9998600036310454, 0.002737605619581059], [-0.1626415342775388, -0.005386580872854744, 0.9866705205256456]], "fy": 3432.9379877022125, "fx": 3432.9379877022125}, {"id": 54, "img_name": "055", "width": 4105, "height": 2200, "position": [-0.8848742661314626, -0.5863659446443534, -3.5749589949295277], "rotation": [[0.9650716355928851, 0.030621442483190067, 0.2601904407051152], [-0.031940144592297694, 0.9994894299256231, 0.0008406130953364587], [-0.26003185446690275, -0.009121772152472195, 0.9655569521966593]], "fy": 3431.4381691385397, "fx": 3431.4381691385393}, {"id": 55, "img_name": "056", "width": 4085, "height": 2197, "position": [-1.2467775754218153, -0.5779930215053953, -3.4642412933646973], "rotation": [[0.934453260660673, 0.045491759373732, 0.3531679536279005], [-0.04818763836474446, 0.9988376270364191, -0.001160312494063936], [-0.3528102254037785, -0.015934071837974753, 0.9355592179040283]], "fy": 3440.1141654039934, "fx": 3440.1141654039934}, {"id": 56, "img_name": "057", "width": 4082, "height": 2196, "position": [-1.5942310409969689, -0.5619937026372074, -3.3066668571096685], "rotation": [[0.8943477462685124, 0.05947640785332084, 0.44340124678816356], [-0.06358161406928362, 0.9979608288027281, -0.0056180537302844575], [-0.442831217391883, -0.023167673259028885, 0.8963056241143339]], "fy": 3435.101504340813, "fx": 3435.101504340813}, {"id": 57, "img_name": "058", "width": 4075, "height": 2195, "position": [-1.9224852248347515, -0.5290189852852198, -3.1121816179202324], "rotation": [[0.8448909769336612, 0.07375616604237795, 0.5298294679109614], [-0.07821678385179996, 0.9968375204172579, -0.01403896763488683], [-0.5291893534643003, -0.029580159889726277, 0.8479879965665399]], "fy": 3425.32167457878, "fx": 3425.32167457878}, {"id": 58, "img_name": "059", "width": 4094, "height": 2198, "position": [-2.243752628536812, -0.5116558681585742, -2.9013139399676766], "rotation": [[0.7867254450286787, 0.08604477729598262, 0.6112768361753226], [-0.09440633968364305, 0.9953598574076153, -0.018606377643916615], [-0.6100414061127031, -0.04307029790442816, 0.7911980992560964]], "fy": 3435.4557695607728, "fx": 3435.4557695607737}, {"id": 59, "img_name": "060", "width": 4087, "height": 2197, "position": [-2.5294365206711693, -0.4780619440621498, -2.6554513490689606], "rotation": [[0.7220021717962093, 0.09630654628393491, 0.6851553933703046], [-0.10653322685873508, 0.9939302737083079, -0.02744599390063453], [-0.6836399165471704, -0.05317574775204093, 0.7278796633746468]], "fy": 3435.3850873407714, "fx": 3435.3850873407705}, {"id": 60, "img_name": "061", "width": 4076, "height": 2196, "position": [-2.7799280383073217, -0.4416599329989431, -2.3751893337034167], "rotation": [[0.6499079166530958, 0.10623429128278707, 0.7525516428972011], [-0.1195944752085161, 0.9921415530850631, -0.03677363378235109], [-0.750544376683506, -0.06610154308034571, 0.6575056841055937]], "fy": 3426.7951259561974, "fx": 3426.795125956198}, {"id": 61, "img_name": "062", "width": 4074, "height": 2195, "position": [-3.0182146140847776, -0.39792182547237986, -2.078805343926422], "rotation": [[0.5700399753900024, 0.11571949649925277, 0.8134269632777887], [-0.1316786403986113, 0.9901016280742768, -0.04857470275194074], [-0.810996400805909, -0.07942143422669734, 0.5796352936676956]], "fy": 3430.9338375144753, "fx": 3430.9338375144744}, {"id": 62, "img_name": "063", "width": 4072, "height": 2195, "position": [-3.21883947727595, -0.34854721579985676, -1.7558632490860517], "rotation": [[0.4845856282927361, 0.12387920947451223, 0.8659276588215117], [-0.14297646912501186, 0.9878255328756698, -0.061306165068805527], [-0.8629800102717785, -0.09409919265790229, 0.49639786846082673]], "fy": 3428.861497097166, "fx": 3428.861497097166}]