[
	{
		"id": 0,
		"img_name": "camera_0000",
		"width": 3840,
		"height": 2160,
		"position": [ 0.12587419559086807, 0.17887486202169212, -1.021105996807643 ],
		"rotation": [
			[ 0.99660935587388721, -0.029681401999486212, -0.076738557192460324 ],
			[ 0.019164463782577058, 0.99075280573746094, -0.13431902788240868 ],
			[ 0.08001571790943264, 0.13239294655945189, 0.98796234370989278 ]
		],
		"fy": 3350.8822311740832,
		"fx": 3350.8822311740832,
		"fov_x": 59.623987973422238
	},
	{
		"id": 1,
		"img_name": "camera_0001",
		"width": 3840,
		"height": 2160,
		"position": [ 0.12689278498428763, 0.17887670149353477, -1.0210321589021336 ],
		"rotation": [
			[ 0.99657681361643446, -0.029728590771025049, -0.077141852796542246 ],
			[ 0.019157876632818344, 0.99075331029508595, -0.13431624586121677 ],
			[ 0.080421578727578977, 0.13237858221818982, 0.98793131372827014 ]
		],
		"fy": 3350.9374094223449,
		"fx": 3350.9374094223449,
		"fov_x": 59.623174021786916
	},
	{
		"id": 2,
		"img_name": "camera_0002",
		"width": 3840,
		"height": 2160,
		"position": [ 0.12993969283494353, 0.17888213160971048, -1.0208088656504659 ],
		"rotation": [
			[ 0.99647848282322304, -0.029869720092080582, -0.07834815308575091 ],
			[ 0.019138187826964449, 0.99075482067936571, -0.13430791140993087 ],
			[ 0.081635550080999236, 0.13233550212327289, 0.98783751287382981 ]
		],
		"fy": 3351.1023276503906,
		"fx": 3351.1023276503906,
		"fov_x": 59.620741381604212
	},
	{
		"id": 3,
		"img_name": "camera_0003",
		"width": 3840,
		"height": 2160,
		"position": [ 0.13500133217162469, 0.17889098504458445, -1.0204298393466611 ],
		"rotation": [
			[ 0.99631185208043094, -0.030104077814108787, -0.080351962658192111 ],
			[ 0.019105511089055179, 0.99075733330825255, -0.13429402794594497 ],
			[ 0.083652094116569514, 0.13226356639257214, 0.98767842750311718 ]
		],
		"fy": 3351.3763693414789,
		"fx": 3351.3763693414789,
		"fov_x": 59.616699505222641
	},
	{
		"id": 4,
		"img_name": "camera_0004",
		"width": 3840,
		"height": 2160,
		"position": [ 0.14206370447651556, 0.17890304883473118, -1.019884076150013 ],
		"rotation": [
			[ 0.99607250448508766, -0.030430876575214847, -0.083147625099392594 ],
			[ 0.019059966477375168, 0.9907608463635621, -0.134274580583368 ],
			[ 0.086465504605515567, 0.13216242682329232, 0.98744964907051913 ]
		],
		"fy": 3351.7583014621291,
		"fx": 3351.7583014621291,
		"fov_x": 59.611067168991802
	},
	{
		"id": 5,
		"img_name": "camera_0005",
		"width": 3840,
		"height": 2160,
		"position": [ 0.15111235784985613, 0.17891806557678341, -1.0191559537359069 ],
		"rotation": [
			[ 0.99575416197219913, -0.030849253243034443, -0.086729305827906347 ],
			[ 0.019001680427411512, 0.99076535974146718, -0.13424953659992908 ],
			[ 0.090069889841044595, 0.13203153225918532, 0.98714491815199745 ]
		],
		"fy": 3352.2475074956014,
		"fx": 3352.2475074956014,
		"fov_x": 59.603854280696467
	},
	{
		"id": 6,
		"img_name": "camera_0006",
		"width": 3840,
		"height": 2160,
		"position": [ 0.16213233046965667, 0.1789357346006496, -1.0182253401933214 ],
		"rotation": [
			[ 0.99534873006036351, -0.031358267787374786, -0.091090968864080274 ],
			[ 0.018930785892500867, 0.99077087499525607, -0.13421884594432706 ],
			[ 0.094459149438865048, 0.13187013423254715, 0.98675616886076578 ]
		],
		"fy": 3352.8427544084161,
		"fx": 3352.8427544084161,
		"fov_x": 59.595080055759084
	},
	{
		"id": 7,
		"img_name": "camera_0007",
		"width": 3840,
		"height": 2160,
		"position": [ 0.17510808713288956, 0.17895571323132431, -1.0170677036267739 ],
		"rotation": [
			[ 0.99484634283224105, -0.031956901898332488, -0.096226350727726714 ],
			[ 0.018847422478205231, 0.99077739527924069, -0.13418244173367577 ],
			[ 0.099626948258205519, 0.13167729274534618, 0.98627357348557876 ]
		],
		"fy": 3353.543733942201,
		"fx": 3353.543733942201,
		"fov_x": 59.584750289047903
	},
	{
		"id": 8,
		"img_name": "camera_0008",
		"width": 3840,
		"height": 2160,
		"position": [ 0.19002343266065819, 0.17897761807213439, -1.015654224150297 ],
		"rotation": [
			[ 0.9942354088656582, -0.032644056618254452, -0.1021289250175562 ],
			[ 0.018751736698034649, 0.99078492528337825, -0.13414024080050749 ],
			[ 0.10556668095826922, 0.13145188244644787, 0.98568558804151152 ]
		],
		"fy": 3354.3492130634759,
		"fx": 3354.3492130634759,
		"fov_x": 59.572884611698072
	},
	{
		"id": 9,
		"img_name": "camera_0009",
		"width": 3840,
		"height": 2160,
		"position": [ 0.20686137685541284, 0.17900102663863302, -1.013951911156951 ],
		"rotation": [
			[ 0.99350265951757954, -0.033418547670451028, -0.10879184805441126 ],
			[ 0.018643882315965921, 0.99079347116410788, -0.13409214425448823 ],
			[ 0.11227141748318996, 0.13119259952518608, 0.98497900010413386 ]
		],
		"fy": 3355.2582669971316,
		"fx": 3355.2582669971316,
		"fov_x": 59.559498307308942
	},
	{
		"id": 10,
		"img_name": "camera_0010",
		"width": 3840,
		"height": 2160,
		"position": [ 0.22560408039058508, 0.17902547827201018, -1.011923715411029 ],
		"rotation": [
			[ 0.99263319443583242, -0.034279105000759341, -0.11620793546252309 ],
			[ 0.018524020638449396, 0.99080304047065415, -0.1340380380843198 ],
			[ 0.11973387976467362, 0.13089796772469076, 0.9841389739676224 ]
		],
		"fy": 3356.2699709680555,
		"fx": 3356.2699709680555,
		"fov_x": 59.544606849569547
	},
	{
		"id": 11,
		"img_name": "camera_0011",
		"width": 3840,
		"height": 2160,
		"position": [ 0.24623264919853063, 0.1790504762925027, -1.0095286565149331 ],
		"rotation": [
			[ 0.99161053425926049, -0.035224364826116378, -0.12436958015793358 ],
			[ 0.01839232098990826, 0.99081364206849931, -0.13397779375538274 ],
			[ 0.12794635936465013, 0.13056634640500728, 0.98314910278745582 ]
		],
		"fy": 3357.3837084595089,
		"fx": 3357.3837084595089,
		"fov_x": 59.528221361396504
	},
	{
		"id": 12,
		"img_name": "camera_0012",
		"width": 3840,
		"height": 2160,
		"position": [ 0.26872706517813627, 0.17907548917607771, -1.0067219405438836 ],
		"rotation": [
			[ 0.9904166683900536, -0.03625286859136688, -0.13326872286490823 ],
			[ 0.018248960967656915, 0.99082528606864129, -0.13391126879615536 ],
			[ 0.13690068808719538, 0.13019593697920193, 0.98199145596861492 ]
		],
		"fy": 3358.5985546963807,
		"fx": 3358.5985546963807,
		"fov_x": 59.510357683542857
	},
	{
		"id": 13,
		"img_name": "camera_0013",
		"width": 3840,
		"height": 2160,
		"position": [ 0.29306599218218549, 0.17909995216612562, -1.0034550935905657 ],
		"rotation": [
			[ 0.98903210973771749, -0.037363056066274075, -0.1428967737534613 ],
			[ 0.018094127181639962, 0.99083798372144682, -0.13383830758177054 ],
			[ 0.14658815937617228, 0.12978479131318291, 0.98064663333664659 ]
		],
		"fy": 3359.9132766451899,
		"fx": 3359.9132766451899,
		"fov_x": 59.491036356434982
	},
	{
		"id": 14,
		"img_name": "camera_0014",
		"width": 3840,
		"height": 2160,
		"position": [ 0.31922662356052334, 0.17912326909326134, -0.99967609499760723 ],
		"rotation": [
			[ 0.98743594923683875, -0.038553260425459396, -0.15324455052402294 ],
			[ 0.017928015663624782, 0.99085174733580295, -0.1337587419795471 ],
			[ 0.15699946627013719, 0.12933081965313967, 0.97909381914030036 ]
		],
		"fy": 3361.3275660475665,
		"fx": 3361.3275660475665,
		"fov_x": 59.470264495008884
	},
	{
		"id": 15,
		"img_name": "camera_0015",
		"width": 3840,
		"height": 2160,
		"position": [ 0.34718451029210323, 0.17914481438712035, -0.99532951741638476 ],
		"rotation": [
			[ 0.98560591321441837, -0.039821702486039057, -0.16430220889533315 ],
			[ 0.017750832302296318, 0.99086659019536472, -0.1336723920156552 ],
			[ 0.16812463171512987, 0.12883179904714767, 0.97731083886598091 ]
		],
		"fy": 3362.8401898700304,
		"fx": 3362.8401898700304,
		"fov_x": 59.448062963558385
	},
	{
		"id": 16,
		"img_name": "camera_0016",
		"width": 3840,
		"height": 2160,
		"position": [ 0.37691341542012907, 0.17916393456469387, -0.99035666838612035 ],
		"rotation": [
			[ 0.98351842105037224, -0.04116648653545852, -0.1760591827792822 ],
			[ 0.017562793436103646, 0.99088252645545638, -0.13357906666829442 ],
			[ 0.17995294868743758, 0.1282853816753016, 0.97527421636538647 ]
		],
		"fy": 3364.4502233374706,
		"fx": 3364.4502233374706,
		"fov_x": 59.424448245278775
	},
	{
		"id": 17,
		"img_name": "camera_0017",
		"width": 3840,
		"height": 2160,
		"position": [ 0.40838498908043458, 0.17917995085731506, -0.98469576709224682 ],
		"rotation": [
			[ 0.98114865799281259, -0.04258558763076007, -0.18850405471778534 ],
			[ 0.01736412691342263, 0.99089957100439341, -0.13347856487033277 ],
			[ 0.19247285007355583, 0.12768910646351916, 0.97295924584491744 ]
		],
		"fy": 3366.1570499331465,
		"fx": 3366.1570499331465,
		"fov_x": 59.399432450880418
	},
	{
		"id": 18,
		"img_name": "camera_0018",
		"width": 3840,
		"height": 2160,
		"position": [ 0.44156877755296253, 0.17919216071048055, -0.97828207407137235 ],
		"rotation": [
			[ 0.97847062753202085, -0.044076854803774781, -0.20162455685679845 ],
			[ 0.017155071819213372, 0.99091773942601735, -0.13337067594381172 ],
			[ 0.20567191001196791, 0.12704040523171581, 0.97034004393851048 ]
		],
		"fy": 3367.9597448819477,
		"fx": 3367.9597448819477,
		"fov_x": 59.373032355253422
	},
	{
		"id": 19,
		"img_name": "camera_0019",
		"width": 3840,
		"height": 2160,
		"position": [ 0.47643189024903704, 0.17919983955766638, -0.97104808505442508 ],
		"rotation": [
			[ 0.97545723080474767, -0.045637998746968528, -0.21540743706080551 ],
			[ 0.016935880126877276, 0.99093704779816627, -0.13325518100765429 ],
			[ 0.21953670953865834, 0.12633661532361221, 0.96738962822304042 ]
		],
		"fy": 3369.8570751503935,
		"fx": 3369.8570751503935,
		"fov_x": 59.345269373522143
	},
	{
		"id": 20,
		"img_name": "camera_0020",
		"width": 3840,
		"height": 2160,
		"position": [ 0.51293887191522758, 0.17920224417578065, -0.96292369547546475 ],
		"rotation": [
			[ 0.97208033412720751, -0.047266588240892235, -0.2298384076676537 ],
			[ 0.016706816267965247, 0.99095751267301835, -0.13313185331502414 ],
			[ 0.23405278527145343, 0.12557498840521786, 0.9640799842304083 ]
		],
		"fy": 3371.8484242217446,
		"fx": 3371.8484242217446,
		"fov_x": 59.316156020213526
	},
	{
		"id": 21,
		"img_name": "camera_0021",
		"width": 3840,
		"height": 2160,
		"position": [ 0.5510512833358655, 0.17919861515291996, -0.95383644079199148 ],
		"rotation": [
			[ 0.96831086755620976, -0.048960034176232355, -0.24490197799528418 ],
			[ 0.016468159057212349, 0.99097915083905985, -0.13300045992237092 ],
			[ 0.24920446125582674, 0.12475270600575362, 0.96038216290934686 ]
		],
		"fy": 3373.9328673208884,
		"fx": 3373.9328673208884,
		"fov_x": 59.285709444376053
	},
	{
		"id": 22,
		"img_name": "camera_0022",
		"width": 3840,
		"height": 2160,
		"position": [ 0.59072796336647071, 0.17918817741640009, -0.94371159186839138 ],
		"rotation": [
			[ 0.96411886255140267, -0.050715605058359044, -0.26058155398292115 ],
			[ 0.016220200481154003, 0.99100197935473244, -0.13286076174459341 ],
			[ 0.26497494970079849, 0.12386688144361667, 0.95626631840324294 ]
		],
		"fy": 3376.1097879310855,
		"fx": 3376.1097879310855,
		"fov_x": 59.253942410732918
	},
	{
		"id": 23,
		"img_name": "camera_0023",
		"width": 3840,
		"height": 2160,
		"position": [ 0.63192416503371596, 0.17917014628361408, -0.93247252297138783 ],
		"rotation": [
			[ 0.95947360444313246, -0.052530390022347523, -0.27685909864225783 ],
			[ 0.015963248529596491, 0.99102601522480582, -0.13271251577762069 ],
			[ 0.28134600952081362, 0.12291458526856339, 0.95170185859594247 ]
		],
		"fy": 3378.3779530188554,
		"fx": 3378.3779530188554,
		"fov_x": 59.220876790672733
	},
	{
		"id": 24,
		"img_name": "camera_0024",
		"width": 3840,
		"height": 2160,
		"position": [ 0.67459206806530636, 0.17914372549806715, -0.92004075981594613 ],
		"rotation": [
			[ 0.95434364970328489, -0.054401326906292263, -0.29371532799949096 ],
			[ 0.015697625850680675, 0.99105127543590499, -0.13255547517744398 ],
			[ 0.2982981441673177, 0.12189284264344913, 0.94665746291815267 ]
		],
		"fy": 3380.7367460674577,
		"fx": 3380.7367460674577,
		"fov_x": 59.186525562952859
	},
	{
		"id": 25,
		"img_name": "camera_0025",
		"width": 3840,
		"height": 2160,
		"position": [ 0.71867992494980371, 0.17910811508037938, -0.90633638497414581 ],
		"rotation": [
			[ 0.94869699395913165, -0.056325165491608556, -0.31112937724562484 ],
			[ 0.015423671687521123, 0.99107777669725383, -0.13238939114787066 ],
			[ 0.31581026583153216, 0.12079866004708514, 0.94110124839267206 ]
		],
		"fy": 3383.1849340434119,
		"fx": 3383.1849340434119,
		"fov_x": 59.150910782306553
	},
	{
		"id": 26,
		"img_name": "camera_0026",
		"width": 3840,
		"height": 2160,
		"position": [ 0.76413212344681158, 0.17906251224306563, -0.89127823022792452 ],
		"rotation": [
			[ 0.94250114955196351, -0.058298474817626629, -0.32907882175425079 ],
			[ 0.015141741928390996, 0.99110553533664014, -0.13221401391851734 ],
			[ 0.33385971716366353, 0.11962903351198005, 0.93500084684260476 ]
		],
		"fy": 3385.7219004299777,
		"fx": 3385.7219004299777,
		"fov_x": 59.114045616747795
	},
	{
		"id": 27,
		"img_name": "camera_0027",
		"width": 3840,
		"height": 2160,
		"position": [ 0.81088931173691126, 0.17900611159728524, -0.87478403158742046 ],
		"rotation": [
			[ 0.93572320806290876, -0.060317653336527166, -0.34753972231736741 ],
			[ 0.014852209063685982, 0.99113456721692983, -0.13202909358788248 ],
			[ 0.35242231736708574, 0.11838095439589849, 0.92832346725585335 ]
		],
		"fy": 3388.3470287104137,
		"fx": 3388.3470287104137,
		"fov_x": 59.075943335270431
	},
	{
		"id": 28,
		"img_name": "camera_0028",
		"width": 3840,
		"height": 2160,
		"position": [ 0.85888747436187829, 0.17893811450749447, -0.85677095079857535 ],
		"rotation": [
			[ 0.92833005541405622, -0.062378889771457849, -0.36648626485288055 ],
			[ 0.014555464158434686, 0.99116488742433839, -0.13183438246614965 ],
			[ 0.3714719998574158, 0.11705144188765389, 0.92103610856141427 ]
		],
		"fy": 3391.0587775928711,
		"fx": 3391.0587775928711,
		"fov_x": 59.036630701823164
	},
	{
		"id": 29,
		"img_name": "camera_0029",
		"width": 3840,
		"height": 2160,
		"position": [ 0.908058596447743, 0.17885772620460544, -0.83715557808482655 ],
		"rotation": [
			[ 0.92028837102841043, -0.064478198324190744, -0.38589101582019364 ],
			[ 0.014251915022393129, 0.99119651035581113, -0.13162963487245868 ],
			[ 0.39098106996128229, 0.1156375362904651, 0.9131055596877079 ]
		],
		"fy": 3393.8568388189765,
		"fx": 3393.8568388189765,
		"fov_x": 58.99611666307031
	},
	{
		"id": 30,
		"img_name": "camera_0030",
		"width": 3840,
		"height": 2160,
		"position": [ 0.95832961379700976, 0.17876416493229344, -0.81585456543433055 ],
		"rotation": [
			[ 0.91156488812886716, -0.066611375227961012, -0.40572451173283292 ],
			[ 0.013941989467063244, 0.99122944924769474, -0.13141461057969217 ],
			[ 0.4109197922469861, 0.11413633792246719, 0.90449865710532829 ]
		],
		"fy": 3396.7402876136225,
		"fx": 3396.7402876136225,
		"fov_x": 58.954419182941109
	},
	{
		"id": 31,
		"img_name": "camera_0031",
		"width": 3840,
		"height": 2160,
		"position": [ 1.0096231410089005, 0.17865665990559917, -0.79278460097904202 ],
		"rotation": [
			[ 0.90212638188956873, -0.06877403614228203, -0.42595554116777967 ],
			[ 0.013626132529320833, 0.9912637163596848, -0.13118907401563526 ],
			[ 0.4312566748597978, 0.11254499802961714, 0.89518227406902118 ]
		],
		"fy": 3399.7078909433267,
		"fx": 3399.7078909433267,
		"fov_x": 58.911560731936994
	},
	{
		"id": 32,
		"img_name": "camera_0032",
		"width": 3840,
		"height": 2160,
		"position": [ 1.0618565227182568, 0.1785344602077753, -0.76786307440758694 ],
		"rotation": [
			[ 0.89193994227335172, -0.070961578044559978, -0.44655077406587917 ],
			[ 0.013304809477830252, 0.99129932249689168, -0.1309527978393823 ],
			[ 0.45195809697600142, 0.11086075797426839, 0.88512359075961933 ]
		],
		"fy": 3402.7590322913488,
		"fx": 3402.7590322913488,
		"fov_x": 58.867554922246192
	},
	{
		"id": 33,
		"img_name": "camera_0033",
		"width": 3840,
		"height": 2160,
		"position": [ 1.1149420267955061, 0.17839683660657479, -0.74100830911675575 ],
		"rotation": [
			[ 0.88097306817143273, -0.073169192809112452, -0.4674748360931047 ],
			[ 0.012978504838315575, 0.99133627696848337, -0.13070556368582098 ],
			[ 0.47298838417954192, 0.10908095704534918, 0.87429018823345883 ]
		],
		"fy": 3405.8927868825795,
		"fx": 3405.8927868825795,
		"fov_x": 58.82241987250395
	},
	{
		"id": 34,
		"img_name": "camera_0034",
		"width": 3840,
		"height": 2160,
		"position": [ 1.1687870915472567, 0.17824308264154057, -0.71213973393018781 ],
		"rotation": [
			[ 0.86919373731443761, -0.075391882810849353, -0.48869040405925251 ],
			[ 0.012647721269734555, 0.99137458758566233, -0.13044716262165679 ],
			[ 0.49430990497869193, 0.10720303678344671, 0.86265011838193328 ]
		],
		"fy": 3409.1082299419063,
		"fx": 3409.1082299419063,
		"fov_x": 58.77617374144414
	},
	{
		"id": 35,
		"img_name": "camera_0035",
		"width": 3840,
		"height": 2160,
		"position": [ 1.2232933678105251, 0.17807252505685114, -0.68117870188955254 ],
		"rotation": [
			[ 0.85657074083136142, -0.077624423577830892, -0.51015783323969677 ],
			[ 0.012312982437708682, 0.9914142601186553, -0.13017739933209563 ],
			[ 0.51588269637108541, 0.10522458694425323, 0.85017223542486375 ]
		],
		"fy": 3412.4044366942203,
		"fx": 3412.4044366942203,
		"fov_x": 58.728834722219425
	},
	{
		"id": 36,
		"img_name": "camera_0036",
		"width": 3840,
		"height": 2160,
		"position": [ 1.2783576097024107, 0.17788452125741469, -0.64804836975974556 ],
		"rotation": [
			[ 0.8430736335250355, -0.079861407499109402, -0.5318355046883908 ],
			[ 0.011974829208481044, 0.99145529860829351, -0.12989609049916495 ],
			[ 0.53766481372721608, 0.10314332966217804, 0.8368261477904938 ]
		],
		"fy": 3415.7807906227804,
		"fx": 3415.7807906227804,
		"fov_x": 58.680416619592378
	},
	{
		"id": 37,
		"img_name": "camera_0037",
		"width": 3840,
		"height": 2160,
		"position": [ 1.333870740671357, 0.17767846711042395, -0.6126745923078043 ],
		"rotation": [
			[ 0.828673098612703, -0.082097209910612062, -0.55367945939913132 ],
			[ 0.011633824270189941, 0.99149770461986342, -0.12960307043582117 ],
			[ 0.55961196356803511, 0.10095716843510907, 0.82258257966789772 ]
		],
		"fy": 3419.2360586941063,
		"fx": 3419.2360586941063,
		"fov_x": 58.630942109634965
	},
	{
		"id": 38,
		"img_name": "camera_0038",
		"width": 3840,
		"height": 2160,
		"position": [ 1.3897181760862216, 0.17745380339647504, -0.5749861544723196 ],
		"rotation": [
			[ 0.81334104210966851, -0.084326005827556533, -0.57564353028686888 ],
			[ 0.011290547765824922, 0.99154147750159127, -0.12929818995294975 ],
			[ 0.5816776364543389, 0.098664193784434043, 0.8074134654028019 ]
		],
		"fy": 3422.769624391457,
		"fx": 3422.769624391457,
		"fov_x": 58.580425052442301
	},
	{
		"id": 39,
		"img_name": "camera_0039",
		"width": 3840,
		"height": 2160,
		"position": [ 1.4457801863891526, 0.17721001328353836, -0.53491493874416463 ],
		"rotation": [
			[ 0.79705066096950061, -0.086541792405802398, -0.59767948100572543 ],
			[ 0.010945597612796051, 0.99158661423976546, -0.12898131784649056 ],
			[ 0.60381324740434528, 0.096262685541749105, 0.79129201792467829 ]
		],
		"fy": 3426.3805629397229,
		"fx": 3426.3805629397229,
		"fov_x": 58.528883745345958
	},
	{
		"id": 40,
		"img_name": "camera_0040",
		"width": 3840,
		"height": 2160,
		"position": [ 1.5019311372423985, 0.17694663444933798, -0.49239688164293499 ],
		"rotation": [
			[ 0.77977683219273564, -0.088738361348470574, -0.61973671442044687 ],
			[ 0.010599590970885787, 0.9916331089481788, -0.12865234513610446 ],
			[ 0.62596784314109311, 0.093751162461900628, 0.77419311472676511 ]
		],
		"fy": 3430.0679495637933,
		"fx": 3430.0679495637933,
		"fov_x": 58.476336493791415
	},
	{
		"id": 41,
		"img_name": "camera_0041",
		"width": 3840,
		"height": 2160,
		"position": [ 1.5580397730942652, 0.17666326168689039, -0.44737230834387376 ],
		"rotation": [
			[ 0.76149624840942121, -0.090909316814215504, -0.64176238575873978 ],
			[ 0.010253162780947719, 0.99168095281130564, -0.1283111861228334 ],
			[ 0.64808821645773218, 0.091128392653626891, 0.75609343320849043 ]
		],
		"fy": 3433.8308594885561,
		"fx": 3433.8308594885561,
		"fov_x": 58.422801606163269
	},
	{
		"id": 42,
		"img_name": "camera_0042",
		"width": 3840,
		"height": 2160,
		"position": [ 1.6139701724198097, 0.17635954187741337, -0.39978566103026791 ],
		"rotation": [
			[ 0.74218730816880973, -0.093048120549946156, -0.66370177554023391 ],
			[ 0.0099069623295556034, 0.99173013443836266, -0.12795777641186101 ],
			[ 0.67011928168837009, 0.088393369146049283, 0.7369713431338244 ]
		],
		"fy": 3437.6686761972737,
		"fx": 3437.6686761972737,
		"fov_x": 58.368293014229188
	},
	{
		"id": 43,
		"img_name": "camera_0043",
		"width": 3840,
		"height": 2160,
		"position": [ 1.6695803030313787, 0.17603519422777286, -0.34958719008654165 ],
		"rotation": [
			[ 0.72183080185137072, -0.095148037169896671, -0.6854977348768726 ],
			[ 0.0095616570630718059, 0.99178063884301604, -0.12759208098603608 ],
			[ 0.69200351748586908, 0.085545399869630306, 0.71680758669836198 ]
		],
		"fy": 3441.580166656463,
		"fx": 3441.580166656463,
		"fov_x": 58.312833406736694
	},
	{
		"id": 44,
		"img_name": "camera_0044",
		"width": 3840,
		"height": 2160,
		"position": [ 1.7247231674473988, 0.17569000431839329, -0.29673263604156813 ],
		"rotation": [
			[ 0.70040978248797536, -0.097202187627137449, -0.70709113367065046 ],
			[ 0.0092179284530936878, 0.99183244786026759, -0.12721409185520005 ],
			[ 0.71368141799417795, 0.082584078925713011, 0.69558515188135739 ]
		],
		"fy": 3445.5647143493848,
		"fx": 3445.5647143493848,
		"fov_x": 58.256436711957441
	},
	{
		"id": 45,
		"img_name": "camera_0045",
		"width": 3840,
		"height": 2160,
		"position": [ 1.7792467024182934, 0.17532383107716606, -0.24118391127798383 ],
		"rotation": [
			[ 0.67790984192174264, -0.099203550544690877, -0.72842082739647496 ],
			[ 0.0088764716431064677, 0.99188553985847783, -0.12682383084745999 ],
			[ 0.73509145994005887, 0.079509316303078476, 0.67328954703322852 ]
		],
		"fy": 3449.6213945009276,
		"fx": 3449.6213945009276,
		"fov_x": 58.199121224002084
	},
	{
		"id": 46,
		"img_name": "camera_0046",
		"width": 3840,
		"height": 2160,
		"position": [ 1.8329937257431883, 0.17493661531381904, -0.18290985349394642 ],
		"rotation": [
			[ 0.65431941504909252, -0.10114496556522656, -0.74942364456335542 ],
			[ 0.0085379942497263231, 0.99193988948269485, -0.12642135226001516 ],
			[ 0.75617009048494166, 0.076321370492597504, 0.64990910338456298 ]
		],
		"fy": 3453.7489740776127,
		"fx": 3453.7489740776127,
		"fov_x": 58.140909559599017
	},
	{
		"id": 47,
		"img_name": "camera_0047",
		"width": 3840,
		"height": 2160,
		"position": [ 1.8858031395400372, 0.17452836728522553, -0.12188565660089032 ],
		"rotation": [
			[ 0.62962955101032403, -0.10301918896997198, -0.77003485323620724 ],
			[ 0.008203214568258857, 0.99199546798751637, -0.12600674094259975 ],
			[ 0.77685219685940587, 0.073020806597828974, 0.62543474962502477 ]
		],
		"fy": 3457.9471448210666,
		"fx": 3457.9471448210666,
		"fov_x": 58.081811271696125
	},
	{
		"id": 48,
		"img_name": "camera_0048",
		"width": 3840,
		"height": 2160,
		"position": [ 1.9375087210650817, 0.17409919565150853, -0.058094918611584653 ],
		"rotation": [
			[ 0.60383473853559588, -0.10481884846803202, -0.7901877103217213 ],
			[ 0.0078728606116763369, 0.99205224242428858, -0.12558011931324814 ],
			[ 0.79707065345767047, 0.069608600810361534, 0.59986083060138706 ]
		],
		"fy": 3462.2146736978116,
		"fx": 3462.2146736978116,
		"fov_x": 58.021848929569416
	},
	{
		"id": 49,
		"img_name": "camera_0049",
		"width": 3840,
		"height": 2160,
		"position": [ 1.9879404085082204, 0.17364929503065263, 0.008470910366237273 ],
		"rotation": [
			[ 0.57693268319292801, -0.10653650222957697, -0.80981396181869825 ],
			[ 0.0075476679491643731, 0.99211017598541362, -0.12514164540519962 ],
			[ 0.81675682536011773, 0.066086098378394978, 0.57318488799756695 ]
		],
		"fy": 3466.550635932736,
		"fx": 3466.550635932736,
		"fov_x": 57.961040716739241
	},
	{
		"id": 50,
		"img_name": "camera_0050",
		"width": 3840,
		"height": 2160,
		"position": [ 2.0369243935914096, 0.17317895388710419, 0.077811802638231869 ],
		"rotation": [
			[ 0.54892459922179104, -0.10816464770094467, -0.82884388961789823 ],
			[ 0.0072283779589912278, 0.99216922779056482, -0.12469151525888275 ],
			[ 0.83584061574039237, 0.062455043136681487, 0.54540795068051329 ]
		],
		"fy": 3470.9544150091001,
		"fx": 3470.9544150091001,
		"fov_x": 57.89940046747676
	},
	{
		"id": 51,
		"img_name": "camera_0051",
		"width": 3840,
		"height": 2160,
		"position": [ 2.0842832878152784, 0.17268856293954321, 0.14991836294090294 ],
		"rotation": [
			[ 0.51981552623891503, -0.10969573399974242, -0.84720638844570684 ],
			[ 0.0069157356700019282, 0.99222935266304979, -0.12422996544315615 ],
			[ 0.8542505436235337, 0.058717609421048998, 0.51653484980471043 ]
		],
		"fy": 3475.4250861517926,
		"fx": 3475.4250861517926,
		"fov_x": 57.836946309133261
	},
	{
		"id": 52,
		"img_name": "camera_0052",
		"width": 3840,
		"height": 2160,
		"position": [ 2.1298374007818941, 0.17217859948214351, 0.22477268630436084 ],
		"rotation": [
			[ 0.48961398474362849, -0.11112221731312744, -0.86482946224263224 ],
			[ 0.0066104881274806765, 0.99229050159302223, -0.12375727006921547 ],
			[ 0.87191424313987609, 0.054876345247131579, 0.48657387860646117 ]
		],
		"fy": 3479.961724585703,
		"fx": 3479.961724585703,
		"fov_x": 57.77369632261847
	},
	{
		"id": 53,
		"img_name": "camera_0053",
		"width": 3840,
		"height": 2160,
		"position": [ 2.1734038980088788, 0.17164965894072348, 0.3023459875955789 ],
		"rotation": [
			[ 0.45833292587359331, -0.11243653353583562, -0.88163992365738286 ],
			[ 0.0063133813801955346, 0.99235262087504084, -0.1232737484543471 ],
			[ 0.88875816186165024, 0.050934288734430712, 0.45553773494126504 ]
		],
		"fy": 3484.5634055357214,
		"fx": 3484.5634055357214,
		"fov_x": 57.709668538354123
	},
	{
		"id": 54,
		"img_name": "camera_0054",
		"width": 3840,
		"height": 2160,
		"position": [ 2.2147981748327528, 0.17110243887535068, 0.38259946981995768 ],
		"rotation": [
			[ 0.42598938150545729, -0.11363115727878478, -0.89756392916609684 ],
			[ 0.006025158459575547, 0.99241565259468267, -0.12277976197487539 ],
			[ 0.90470809895243831, 0.046894909964239458, 0.42344317577369328 ]
		],
		"fy": 3489.2292042267368,
		"fx": 3489.2292042267368,
		"fov_x": 57.644880932329613
	},
	{
		"id": 55,
		"img_name": "camera_0055",
		"width": 3840,
		"height": 2160,
		"position": [ 2.2538341750471198, 0.17053774618078443, 0.46548361758237505 ],
		"rotation": [
			[ 0.39260474562809211, -0.11469861921608217, -0.91252711765745653 ],
			[ 0.0057465567062264522, 0.9924795344685382, -0.12227571609741542 ],
			[ 0.91968934472262065, 0.042762137587330641, 0.3903112972905588 ]
		],
		"fy": 3493.9581958836379,
		"fx": 3493.9581958836379,
		"fov_x": 57.579351422260025
	},
	{
		"id": 56,
		"img_name": "camera_0056",
		"width": 3840,
		"height": 2160,
		"position": [ 2.2903248082133452, 0.16995650351691777, 0.55093744156035573 ],
		"rotation": [
			[ 0.35820507450547101, -0.11563152850366162, -0.92645478800340642 ],
			[ 0.0054783052677936511, 0.99254419962621299, -0.1217620628921548 ],
			[ 0.93362685949469282, 0.038540386664732425, 0.35616783378880534 ]
		],
		"fy": 3498.7497639896851,
		"fx": 3498.7497639896851,
		"fov_x": 57.513093605734738
	},
	{
		"id": 57,
		"img_name": "camera_0057",
		"width": 3840,
		"height": 2160,
		"position": [ 2.3240832250570733, 0.16935973413299091, 0.63888969890171698 ],
		"rotation": [
			[ 0.32282059472090618, -0.1164226211720033, -0.93927239760544479 ],
			[ 0.0052211213676781124, 0.99260957744662426, -0.12123929500330355 ],
			[ 0.94644577420774845, 0.034234486131301811, 0.32104267075206894 ]
		],
		"fy": 3503.602675511398,
		"fx": 3503.602675511398,
		"fov_x": 57.446129549045821
	},
	{
		"id": 58,
		"img_name": "camera_0058",
		"width": 3840,
		"height": 2160,
		"position": [ 2.3549224676865217, 0.16874858856471883, 0.72925627486858435 ],
		"rotation": [
			[ 0.28648674849481892, -0.11706475867119397, -0.95090545545502148 ],
			[ 0.0049757087874698347, 0.99267559234769653, -0.12070795615539255 ],
			[ 0.95807128401749375, 0.029849801245653049, 0.28497088291028327 ]
		],
		"fy": 3508.5166221904078,
		"fx": 3508.5166221904078,
		"fov_x": 57.37846849352902
	},
	{
		"id": 59,
		"img_name": "camera_0059",
		"width": 3840,
		"height": 2160,
		"position": [ 2.3826568434491726, 0.16812432877140646, 0.82194144835449612 ],
		"rotation": [
			[ 0.24924368210394221, -0.11755097960013314, -0.96128006019386358 ],
			[ 0.0047427537926934896, 0.99274216465729437, -0.12016863483459954 ],
			[ 0.96842918854076832, 0.025392158368254578, 0.24799222785335551 ]
		],
		"fy": 3513.4900627348597,
		"fx": 3513.4900627348597,
		"fov_x": 57.310136604410651
	},
	{
		"id": 60,
		"img_name": "camera_0060",
		"width": 3840,
		"height": 2160,
		"position": [ 2.4071023738091704, 0.16748833730789692, 0.91683685068167053 ],
		"rotation": [
			[ 0.21113665739537124, -0.11787452365391668, -0.97032309494171687 ],
			[ 0.0045229221859472216, 0.99280921026280911, -0.11962196784971042 ],
			[ 0.97744608806767952, 0.020867886589195569, 0.2101515553844201 ]
		],
		"fy": 3518.5223806280164,
		"fx": 3518.5223806280164,
		"fov_x": 57.241147233374434
	},
	{
		"id": 61,
		"img_name": "camera_0061",
		"width": 3840,
		"height": 2160,
		"position": [ 2.4280779920728039, 0.16684209918477583, 1.0138230056991839 ],
		"rotation": [
			[ 0.1722154310920837, -0.11802887241489851, -0.97796269385403212 ],
			[ 0.0043168562136525201, 0.99287664156229061, -0.11906863311727922 ],
			[ 0.98504985155381786, 0.016283731650153253, 0.17149819251918486 ]
		],
		"fy": 3523.6129593531364,
		"fx": 3523.6129593531364,
		"fov_x": 57.171513690484403
	},
	{
		"id": 62,
		"img_name": "camera_0062",
		"width": 3840,
		"height": 2160,
		"position": [ 2.4454056565790565, 0.16618722835310959, 1.112766617703117 ],
		"rotation": [
			[ 0.13253533177532761, -0.11800776803220957, -0.98412832116307891 ],
			[ 0.0041251711248403711, 0.99294436629142946, -0.11850936002401791 ],
			[ 0.99116969727408177, 0.011646979615665416, 0.13208701325807037 ]
		],
		"fy": 3528.7605658767393,
		"fx": 3528.7605658767393,
		"fov_x": 57.101257646756835
	},
	{
		"id": 63,
		"img_name": "camera_0063",
		"width": 3840,
		"height": 2160,
		"position": [ 2.458911639161188, 0.16552544859530877, 1.2135221871787967 ],
		"rotation": [
			[ 0.092156607132219293, -0.117805256732117, -0.98875127370242022 ],
			[ 0.0039484518008635131, 0.99301228851801648, -0.1179449218092409 ],
			[ 0.99573669686833099, 0.0069653670751581367, 0.091977791728515945 ]
		],
		"fy": 3533.9645836820864,
		"fx": 3533.9645836820864,
		"fov_x": 57.030392264695131
	},
	{
		"id": 64,
		"img_name": "camera_0064",
		"width": 3840,
		"height": 2160,
		"position": [ 2.4684272517377983, 0.16485859628945462, 1.3159315498011321 ],
		"rotation": [
			[ 0.051144600175919153, -0.11741571981079957, -0.99176498154258164 ],
			[ 0.0037872493411988187, 0.99308030858964846, -0.11737613656070026 ],
			[ 0.99868407748159937, 0.0022470943016199216, 0.051235377932895898 ]
		],
		"fy": 3539.2240879940641,
		"fx": 3539.2240879940641,
		"fov_x": 56.958934840692102
	},
	{
		"id": 65,
		"img_name": "camera_0065",
		"width": 3840,
		"height": 2160,
		"position": [ 2.4737896994171469, 0.16418862279680549, 1.4198234221283581 ],
		"rotation": [
			[ 0.0095699210741935214, -0.11683390990058171, -0.99310535901684516 ],
			[ 0.0036420771600820245, 0.99314832310380763, -0.11680386804406359 ],
			[ 0.99994757456808403, -0.0024991625472880891, 0.0099298691818430207 ]
		],
		"fy": 3544.5378457791944,
		"fx": 3544.5378457791944,
		"fov_x": 56.886906754422029
	},
	{
		"id": 66,
		"img_name": "camera_0066",
		"width": 3840,
		"height": 2160,
		"position": [ 2.4748430588322972, 0.16351757269644296, 1.5250153637185457 ],
		"rotation": [
			[ -0.032492343031548021, -0.11605497668073828, -0.99271118157898985 ],
			[ 0.0035134092052138688, 0.99321622598154358, -0.11622901704280243 ],
			[ 0.99946580912009064, -0.0072643536954526966, -0.031864173695710818 ]
		],
		"fy": 3549.905240520734,
		"fx": 3549.905240520734,
		"fov_x": 56.81432092573543
	},
	{
		"id": 67,
		"img_name": "camera_0067",
		"width": 3840,
		"height": 2160,
		"position": [ 2.4714390228051997, 0.16284760840692181, 1.6313110966593116 ],
		"rotation": [
			[ -0.074961572228228412, -0.1150745119078781, -0.99052441635642463 ],
			[ 0.0034016740731306616, 0.99328390740538586, -0.11565253089746474 ],
			[ 0.99718062120288531, -0.012038936774170249, -0.074066677384470481 ]
		],
		"fy": 3555.3256557019449,
		"fx": 3555.3256557019449,
		"fov_x": 56.741190217608576
	},
	{
		"id": 68,
		"img_name": "camera_0068",
		"width": 3840,
		"height": 2160,
		"position": [ 2.4634379452975912, 0.16218098714726162, 1.7385025801710419 ],
		"rotation": [
			[ -0.11775245085417141, -0.11388857657617624, -0.98649062460992953 ],
			[ 0.0033072530901329458, 0.99335125494382148, -0.11507539432273459 ],
			[ 0.99303747280494614, -0.016812983881140553, -0.11659288648188948 ]
		],
		"fy": 3560.7978582893461,
		"fx": 3560.7978582893461,
		"fov_x": 56.667535722497959
	},
	{
		"id": 69,
		"img_name": "camera_0069",
		"width": 3840,
		"height": 2160,
		"position": [ 2.4507097314998352, 0.16152006070401587, 1.8463698126433545 ],
		"rotation": [
			[ -0.16077490100715663, -0.11249373552112149, -0.98055932542332314 ],
			[ 0.0032304765448821424, 0.9934181536187382, -0.11449862917096484 ],
			[ 0.98698581308316258, -0.021576179672062518, -0.15935329693271783 ]
		],
		"fy": 3566.321231766196,
		"fx": 3566.321231766196,
		"fov_x": 56.593370124227505
	},
	{
		"id": 70,
		"img_name": "camera_0070",
		"width": 3840,
		"height": 2160,
		"position": [ 2.4331348555653824, 0.16086727444789717, 1.9546806779452042 ],
		"rotation": [
			[ -0.20393403560739221, -0.11088709713051895, -0.97268440966782777 ],
			[ 0.0031716194703560532, 0.99348448600936978, -0.11392329388072289 ],
			[ 0.97897949414214946, -0.026317821882996972, -0.20225360886895616 ]
		],
		"fy": 3571.8945430990157,
		"fx": 3571.8945430990157,
		"fov_x": 56.518714291810042
	},
	{
		"id": 71,
		"img_name": "camera_0071",
		"width": 3840,
		"height": 2160,
		"position": [ 2.4106049549783251, 0.16022514470207783, 2.0631933187835116 ],
		"rotation": [
			[ -0.24713111432792378, -0.10906631660517414, -0.96282436140410288 ],
			[ 0.0031309003349637432, 0.99355013353295674, -0.11335047251659902 ],
			[ 0.96897699136467164, -0.031026935698255181, -0.24519567587346458 ]
		],
		"fy": 3577.5171757710627,
		"fx": 3577.5171757710627,
		"fov_x": 56.44358072058877
	},
	{
		"id": 72,
		"img_name": "camera_0072",
		"width": 3840,
		"height": 2160,
		"position": [ 2.3830242315268788, 0.15959627080604719, 2.1716536541262816 ],
		"rotation": [
			[ -0.29026256948044349, -0.10702966984399435, -0.95094284293625997 ],
			[ 0.003108478753516386, 0.99361497505087681, -0.11278128707584559 ],
			[ 0.95694199307923034, -0.035692171799022288, -0.28807653627780838 ]
		],
		"fy": 3583.1882050072286,
		"fx": 3583.1882050072286,
		"fov_x": 56.367985942682672
	},
	{
		"id": 73,
		"img_name": "camera_0073",
		"width": 3840,
		"height": 2160,
		"position": [ 2.3503100491793556, 0.15898332205814117, 2.2797979202277037 ],
		"rotation": [
			[ -0.33322103883533138, -0.10477605220065556, -0.93700892106892375 ],
			[ 0.0031044469378969305, 0.99367888884226552, -0.11221688054125518 ],
			[ 0.9428436252564435, -0.040301919984611842, -0.33078943991433829 ]
		],
		"fy": 3588.9067060324023,
		"fx": 3588.9067060324023,
		"fov_x": 56.29194638072773
	},
	{
		"id": 74,
		"img_name": "camera_0074",
		"width": 3840,
		"height": 2160,
		"position": [ 2.3123939109762381, 0.15838902519403897, 2.3873527855353269 ],
		"rotation": [
			[ -0.37589542149806565, -0.10230501596611127, -0.92099745700244218 ],
			[ 0.0031188318725157219, 0.99374175228386796, -0.11165841954612554 ],
			[ 0.9266568431650104, -0.044844324902503847, -0.37322390269045758 ]
		],
		"fy": 3594.6720623298424,
		"fx": 3594.6720623298424,
		"fov_x": 56.215474262193446
	},
	{
		"id": 75,
		"img_name": "camera_0075",
		"width": 3840,
		"height": 2160,
		"position": [ 2.2692225291731227, 0.15781616179522201, 2.4940355745437457 ],
		"rotation": [
			[ -0.41817098737164615, -0.099616808059039941, -0.90288953746997835 ],
			[ 0.0031515898403704223, 0.99380344221861028, -0.11110709120447448 ],
			[ 0.90836286405934774, -0.04930729952623375, -0.41526581536568807 ]
		],
		"fy": 3600.4830408660687,
		"fx": 3600.4830408660687,
		"fov_x": 56.138589888945312
	},
	{
		"id": 76,
		"img_name": "camera_0076",
		"width": 3840,
		"height": 2160,
		"position": [ 2.2207578730396249, 0.15726754153308548, 2.599556967277366 ],
		"rotation": [
			[ -0.45993045952677547, -0.096712346266855098, -0.88267247293605444 ],
			[ 0.0032026091252795388, 0.99386383611831042, -0.11056409250288646 ],
			[ 0.88794916278708236, -0.053678648788471506, -0.45679851901025703 ]
		],
		"fy": 3606.338716865971,
		"fx": 3606.338716865971,
		"fov_x": 56.061309343537957
	},
	{
		"id": 77,
		"img_name": "camera_0077",
		"width": 3840,
		"height": 2160,
		"position": [ 2.1669793825852119, 0.15674602158530762, 2.7036184806205115 ],
		"rotation": [
			[ -0.50105304476852819, -0.093593326512305272, -0.86034070899879478 ],
			[ 0.0032716985743524579, 0.99392281128108972, -0.110030637567606 ],
			[ 0.86541038953587013, -0.057945961442160084, -0.49770184170436593 ]
		],
		"fy": 3612.2387820711792,
		"fx": 3612.2387820711792,
		"fov_x": 55.983640485965488
	},
	{
		"id": 78,
		"img_name": "camera_0078",
		"width": 3840,
		"height": 2160,
		"position": [ 2.1078827267132616, 0.15625445847128944, 2.805917658335658 ],
		"rotation": [
			[ -0.54141649431214267, -0.090262125080952174, -0.83589528558463633 ],
			[ 0.0033585980700761159, 0.99398024686725273, -0.10950793878399435 ],
			[ 0.84074782158846773, -0.062096840608729206, -0.5378541464752884 ]
		],
		"fy": 3618.1816951898422,
		"fx": 3618.1816951898422,
		"fov_x": 55.905607310126491
	},
	{
		"id": 79,
		"img_name": "camera_0079",
		"width": 3840,
		"height": 2160,
		"position": [ 2.0434835270299243, 0.15579574444647737, 2.9061434559837749 ],
		"rotation": [
			[ -0.58089531806381767, -0.086721987057653729, -0.80934536905594856 ],
			[ 0.003462958911412517, 0.99403602240016276, -0.10899722054456731 ],
			[ 0.81397090695375296, -0.066118704854491173, -0.577130556721138 ]
		],
		"fy": 3624.1668397052194,
		"fx": 3624.1668397052194,
		"fov_x": 55.827221510872043
	},
	{
		"id": 80,
		"img_name": "camera_0080",
		"width": 3840,
		"height": 2160,
		"position": [ 1.9738139987456351, 0.15537273708232019, 3.003984213306893 ],
		"rotation": [
			[ -0.61936393046718807, -0.082976816035240999, -0.78070683975285482 ],
			[ 0.003584365622377475, 0.99409002066665053, -0.10849969186160574 ],
			[ 0.78509583743599165, -0.069999134363448012, -0.61540608319145385 ]
		],
		"fy": 3630.1932908422009,
		"fx": 3630.1932908422009,
		"fov_x": 55.748498724636057
	},
	{
		"id": 81,
		"img_name": "camera_0081",
		"width": 3840,
		"height": 2160,
		"position": [ 1.8989281695228459, 0.15498830683608991, 3.0991215344912719 ],
		"rotation": [
			[ -0.65669428382177664, -0.079031439338081461, -0.75000443278153717 ],
			[ 0.0037223088526766243, 0.99414212577956118, -0.10801656431909155 ],
			[ 0.75414770570002365, -0.073725608486104113, -0.65255327187957968 ]
		],
		"fy": 3636.2604320840446,
		"fx": 3636.2604320840446,
		"fov_x": 55.66945045388276
	},
	{
		"id": 82,
		"img_name": "camera_0082",
		"width": 3840,
		"height": 2160,
		"position": [ 1.818898170125028, 0.1546452727241221, 3.1912377302581341 ],
		"rotation": [
			[ -0.69275880012258706, -0.074891386143252442, -0.71727018977109058 ],
