[
	{
		"id": 0,
		"img_name": "camera_0000",
		"width": 3840,
		"height": 2160,
		"position": [ -0.36121137532193315, 0.14332295811286389, 0.37909425389300616 ],
		"rotation": [
			[ 0.9968095747393303, 0.0044926422984608713, -0.079689948382299453 ],
			[ -0.014088950902144768, 0.99264107165481086, -0.12027137783556613 ],
			[ 0.078563179482964068, 0.12101040876373667, 0.98953742112178911 ]
		],
		"fy": 1939.3939726069621,
		"fx": 1939.3939726069621,
		"fov_x": 89.42416593033829
	},
	{
		"id": 1,
		"img_name": "camera_0001",
		"width": 3840,
		"height": 2160,
		"position": [ -0.36018116877805795, 0.14320779778826048, 0.37933925582495442 ],
		"rotation": [
			[ 0.99677710850309886, 0.004467693860888515, -0.080096414874617022 ],
			[ -0.014111014693206199, 0.99264469433824987, -0.12023888749672718 ],
			[ 0.078970090721294683, 0.120981612295786, 0.98950855188713893 ]
		],
		"fy": 1939.3939726069621,
		"fx": 1939.3939726069621,
		"fov_x": 89.42416593033829
	},
	{
		"id": 2,
		"img_name": "camera_0002",
		"width": 3840,
		"height": 2160,
		"position": [ -0.35710058732114475, 0.14286456461884853, 0.38007137726644696 ],
		"rotation": [
			[ 0.99667900241829743, 0.0043931469880938755, -0.081312154060807884 ],
			[ -0.014176963057872961, 0.99265549313432178, -0.12014193967433719 ],
			[ 0.080187155186621117, 0.12089570798749379, 0.98942116812471692 ]
		],
		"fy": 1939.3939726069621,
		"fx": 1939.3939726069621,
		"fov_x": 89.42416593033829
	},
	{
		"id": 3,
		"img_name": "camera_0003",
		"width": 3840,
		"height": 2160,
		"position": [ -0.35198620393544583, 0.14229649158767471, 0.38128997464704584 ],
		"rotation": [
			[ 0.99651272989453121, 0.0042696079544835607, -0.083331564284274198 ],
			[ -0.014286371387397408, 0.99267336033055864, -0.11998124554536933 ],
			[ 0.082208751059303073, 0.12075334421021998, 0.98927263740149896 ]
		],
		"fy": 1939.3939726069621,
		"fx": 1939.3939726069621,
		"fov_x": 89.42416593033829
	},
	{
		"id": 4,
		"img_name": "camera_0004",
		"width": 3840,
		"height": 2160,
		"position": [ -0.3448565688939621, 0.14150663051862025, 0.38299921251784463 ],
		"rotation": [
			[ 0.99627384606919633, 0.0040978883451401795, -0.086148888266778884 ],
			[ -0.014438735889948101, 0.99269818332947346, -0.11975742031399766 ],
			[ 0.085029092341336404, 0.12055506677644842, 0.98905840541908063 ]
		],
		"fy": 1939.3939726069621,
		"fx": 1939.3939726069621,
		"fov_x": 89.42416593033829
	},
	{
		"id": 5,
		"img_name": "camera_0005",
		"width": 3840,
		"height": 2160,
		"position": [ -0.335732177647876, 0.14049785798032083, 0.38520792722370495 ],
		"rotation": [
			[ 0.99595603305240132, 0.0038789978606279486, -0.089758195180836997 ],
			[ -0.014633474333654473, 0.9927298448581845, -0.11947098625512086 ],
			[ 0.088642211476532229, 0.12030132378092205, 0.98877204139331709 ]
		],
		"fy": 1939.3939726069621,
		"fx": 1939.3939726069621,
		"fov_x": 89.42416593033829
	},
	{
		"id": 6,
		"img_name": "camera_0006",
		"width": 3840,
		"height": 2160,
		"position": [ -0.32463545437071217, 0.13927288303546045, 0.38792947955967305 ],
		"rotation": [
			[ 0.99555114558075808, 0.0036141374043318075, -0.094153356518303574 ],
			[ -0.014869926460191734, 0.99276822309221979, -0.11912237617418905 ],
			[ 0.093041935813420476, 0.1199924715519233, 0.98840528375305248 ]
		],
		"fy": 1939.3939726069621,
		"fx": 1939.3939726069621,
		"fov_x": 89.42416593033829
	},
	{
		"id": 7,
		"img_name": "camera_0007",
		"width": 3840,
		"height": 2160,
		"position": [ -0.31159074288185717, 0.1378342535342463, 0.39118160463919888 ],
		"rotation": [
			[ 0.99504925688458246, 0.0033046923411991138, -0.099328019118324298 ],
			[ -0.015147354311103018, 0.99281319178678296, -0.11871193651657143 ],
			[ 0.098221861267306906, 0.11962878091274941, 0.98794808605843021 ]
		],
		"fy": 1939.3939726069621,
		"fx": 1939.3939726069621,
		"fov_x": 89.42416593033829
	},
	{
		"id": 8,
		"img_name": "camera_0008",
		"width": 3840,
		"height": 2160,
		"position": [ -0.29662432136957184, 0.13618436745758689, 0.39498624394222553 ],
		"rotation": [
			[ 0.99443870552505886, 0.002952226122087123, -0.10527556845996733 ],
			[ -0.015464941986481386, 0.99286462024044275, -0.11823993168196664 ],
			[ 0.1041753162846169, 0.11921044516201354, 0.98738866371924416 ]
		],
		"fy": 1939.3939726069621,
		"fx": 1939.3939726069621,
		"fov_x": 89.42416593033829
	},
	{
		"id": 9,
		"img_name": "camera_0009",
		"width": 3840,
		"height": 2160,
		"position": [ -0.27976446523117743, 0.13432548127611413, 0.39936937909053899 ],
		"rotation": [
			[ 0.99370614453810702, 0.002558475256756251, -0.11198907317935643 ],
			[ -0.015821794629323704, 0.99292237328723221, -0.11770654799270001 ],
			[ 0.11089530703288659, 0.11873758810928768, 0.98671354305495929 ]
		],
		"fy": 1939.3939726069621,
		"fx": 1939.3939726069621,
		"fov_x": 89.42416593033829
	},
	{
		"id": 10,
		"img_name": "camera_0010",
		"width": 3840,
		"height": 2160,
		"position": [ -0.26104142884797166, 0.13225972326326338, 0.40436084683741813 ],
		"rotation": [
			[ 0.99283658785934892, 0.0021253416589817418, -0.11946126037606457 ],
			[ -0.016216938742878467, 0.99298631119433567, -0.11711189810807261 ],
			[ 0.1183744934756429, 0.11821027325701626, 0.98590760753271733 ]
		],
		"fy": 1939.3939726069621,
		"fx": 1939.3939726069621,
		"fov_x": 89.42416593033829
	},
	{
		"id": 11,
		"img_name": "camera_0011",
		"width": 3840,
		"height": 2160,
		"position": [ -0.24048757780318977, 0.12998910312584294, 0.40999415850530863 ],
		"rotation": [
			[ 0.99181346387156921, 0.0016548892120998738, -0.12768443219427822 ],
			[ -0.016649319921939923, 0.9930562895500048, -0.11645602574067969 ],
			[ 0.12660510664746683, 0.11762851323923391, 0.98495415113796592 ]
		],
		"fy": 1939.3939726069621,
		"fx": 1939.3939726069621,
		"fov_x": 89.42416593033829
	},
	{
		"id": 12,
		"img_name": "camera_0012",
		"width": 3840,
		"height": 2160,
		"position": [ -0.21813738394300355, 0.12751552506368974, 0.41630630459589085 ],
		"rotation": [
			[ 0.99061866410171651, 0.0011493361627153229, -0.13665043490496315 ],
			[ -0.017117802964535501, 0.99313215913650577, -0.11573891009738016 ],
			[ 0.13557891854930043, 0.11699227972497664, 0.98383492687023211 ]
		],
		"fy": 1939.3939726069621,
		"fx": 1939.3939726069621,
		"fov_x": 89.42416593033829
	},
	{
		"id": 13,
		"img_name": "camera_0013",
		"width": 3840,
		"height": 2160,
		"position": [ -0.19402754322686475, 0.12484080217892514, 0.4233375506993986 ],
		"rotation": [
			[ 0.98923259881222192, 0.00061105068479660844, -0.14635057930967785 ],
			[ -0.017621169767580894, 0.99321376568843056, -0.11496047156753209 ],
			[ 0.14528716331197258, 0.11630151445302794, 0.98253020203589281 ]
		],
		"fy": 1939.3939726069621,
		"fx": 1939.3939726069621,
		"fov_x": 89.42416593033829
	},
	{
		"id": 14,
		"img_name": "camera_0014",
		"width": 3840,
		"height": 2160,
		"position": [ -0.16819705028111406, 0.12196666890983479, 0.43113123207658488 ],
		"rotation": [
			[ 0.98763425241239766, 4.2545096237564528e-05, -0.15677557734455724 ],
			[ -0.018158118087955991, 0.99330094972365823, -0.11412057669667848 ],
			[ 0.15572047459890528, 0.11555613989742568, 0.9810188134397313 ]
		],
		"fy": 1939.3939726069621,
		"fx": 1939.3939726069621,
		"fov_x": 89.42416593033829
	},
	{
		"id": 15,
		"img_name": "camera_0015",
		"width": 3840,
		"height": 2160,
		"position": [ -0.14068728965683716, 0.11889479971042327, 0.43973352697872492 ],
		"rotation": [
			[ 0.9858012418310107, -0.00055353001770119814, -0.16791547042770263 ],
			[ -0.018727259844346401, 0.99339354620828324, -0.11321904473388632 ],
			[ 0.1668688147712433, 0.11475607154417113, 0.97927822537856402 ]
		],
		"fy": 1939.3939726069621,
		"fx": 1939.3939726069621,
		"fov_x": 89.42416593033829
	},
	{
		"id": 16,
		"img_name": "camera_0016",
		"width": 3840,
		"height": 2160,
		"position": [ -0.11154209814700662, 0.11562682222688828, 0.44919323904797154 ],
		"rotation": [
			[ 0.98370987506917384, -0.0011743924801149355, -0.17975956857339478 ],
			[ -0.0193271201103528, 0.99349138438094031, -0.1122556528157167 ],
			[ 0.17872141483221973, 0.11390122897996044, 0.97728458798715545 ]
		],
		"fy": 1939.3939726069621,
		"fx": 1939.3939726069621,
		"fov_x": 89.42416593033829
	},
	{
		"id": 17,
		"img_name": "camera_0017",
		"width": 3840,
		"height": 2160,
		"position": [ -0.080808003092373237, 0.11216432896351732, 0.45956156798288839 ],
		"rotation": [
			[ 0.98133522474363211, -0.0018171305660016866, -0.19229632007365932 ],
			[ -0.019956133247706145, 0.99359428751276313, -0.11123014235271145 ],
			[ 0.19126664482644362, 0.11299154773039777, 0.97501281054062272 ]
		],
		"fy": 1939.3939726069621,
		"fx": 1939.3939726069621,
		"fov_x": 89.42416593033829
	},
	{
		"id": 18,
		"img_name": "camera_0018",
		"width": 3840,
		"height": 2160,
		"position": [ -0.048534123486821186, 0.10850890205015359, 0.47089185875083511 ],
		"rotation": [
			[ 0.97865118182037591, -0.0024787153063445134, -0.20551330928193332 ],
			[ -0.020612644357816873, 0.99370207255850596, -0.11014222571524483 ],
			[ 0.20449201259256958, 0.11202699211957746, 0.97243661480966481 ]
		],
		"fy": 1939.3939726069621,
		"fx": 1939.3939726069621,
		"fov_x": 89.42416593033829
	},
	{
		"id": 19,
		"img_name": "camera_0019",
		"width": 3840,
		"height": 2160,
		"position": [ -0.014772407683954863, 0.10466212818045778, 0.483239351839654 ],
		"rotation": [
			[ 0.9756305356315802, -0.0031560034052107565, -0.21939712301154304 ],
			[ -0.021294905410456373, 0.99381454986384421, -0.1089915936321899 ],
			[ 0.21838403088778166, 0.11100756785657002, 0.96952861480813113 ]
		],
		"fy": 1939.3939726069621,
		"fx": 1939.3939726069621,
		"fov_x": 89.42416593033829
	},
	{
		"id": 20,
		"img_name": "camera_0020",
		"width": 3840,
		"height": 2160,
		"position": [ 0.020422332819203418, 0.10062560197553465, 0.49666096711389879 ],
		"rotation": [
			[ 0.97224504245900434, -0.003845745298807525, -0.23393329745246971 ],
			[ -0.022001075288139806, 0.993931523283198, -0.10777791847176829 ],
			[ 0.23292816510687275, 0.10993333101038205, 0.96626038552395765 ]
		],
		"fy": 1939.3939726069621,
		"fx": 1939.3939726069621,
		"fov_x": 89.42416593033829
	},
	{
		"id": 21,
		"img_name": "camera_0021",
		"width": 3840,
		"height": 2160,
		"position": [ 0.056992116634776178, 0.096400977403275925, 0.51121493516837435 ],
		"rotation": [
			[ 0.96846552543082598, -0.0045445892532901648, -0.24910614757671701 ],
			[ -0.02272921385534642, 0.99405278900922101, -0.10650087089083853 ],
			[ 0.24810866347129468, 0.10880440878708918, 0.96260256167277047 ]
		],
		"fy": 1939.3939726069621,
		"fx": 1939.3939726069621,
		"fov_x": 89.42416593033829
	},
	{
		"id": 22,
		"img_name": "camera_0022",
		"width": 3840,
		"height": 2160,
		"position": [ 0.094876145507671483, 0.091989935833026615, 0.52696069783346067 ],
		"rotation": [
			[ 0.96426191263014605, -0.0052490982008830088, -0.26489886904048898 ],
			[ -0.023477289531267324, 0.99417813679913936, -0.10516011214741465 ],
			[ 0.26390865981835021, 0.10762099831663553, 0.95852487708677292 ]
		],
		"fy": 1939.3939726069621,
		"fx": 1939.3939726069621,
		"fov_x": 89.42416593033829
	},
	{
		"id": 23,
		"img_name": "camera_0023",
		"width": 3840,
		"height": 2160,
		"position": [ 0.13401007351340735, 0.087394260643450863, 0.54395841615885909 ],
		"rotation": [
			[ 0.95960339127050698, -0.005955744931795617, -0.28129319324229951 ],
			[ -0.02424316609886526, 0.99430734806434506, -0.10375532026239538 ],
			[ 0.28030982922410175, 0.10638339479240543, 0.95399631705410592 ]
		],
		"fy": 1939.3939726069621,
		"fx": 1939.3939726069621,
		"fov_x": 89.42416593033829
	},
	{
		"id": 24,
		"img_name": "camera_0024",
		"width": 3840,
		"height": 2160,
		"position": [ 0.17432661802837315, 0.082615810283428251, 0.56226888521522489 ],
		"rotation": [
			[ 0.95445842547820126, -0.0066609366606675581, -0.29826958604000425 ],
			[ -0.025024614177601438, 0.99444019717641607, -0.10228618149580603 ],
			[ 0.29729258772955497, 0.10509198905022855, 0.9489851374592394 ]
		],
		"fy": 1939.3939726069621,
		"fx": 1939.3939726069621,
		"fov_x": 89.42416593033829
	},
	{
		"id": 25,
		"img_name": "camera_0025",
		"width": 3840,
		"height": 2160,
		"position": [ 0.21575483842073889, 0.077656556668292284, 0.58195310382760779 ],
		"rotation": [
			[ 0.94879492544309241, -0.0073610089897933589, -0.31580691094415431 ],
			[ -0.025819300025295283, 0.99457645047542487, -0.10075240893352659 ],
			[ 0.31483575591034857, 0.10374728770602613, 0.94345903307668977 ]
		],
		"fy": 1939.3939726069621,
		"fx": 1939.3939726069621,
		"fov_x": 89.42416593033829
	},
	{
		"id": 26,
		"img_name": "camera_0026",
		"width": 3840,
		"height": 2160,
		"position": [ 0.25822033213722234, 0.072518618780136643, 0.60307196598984558 ],
		"rotation": [
			[ 0.94258032677356896, -0.0080522445541324466, -0.33388244778225823 ],
			[ -0.026624788708161526, 0.99471586599996276, -0.099153752093351671 ],
			[ 0.3329165784482318, 0.10234992567454326, 0.93738521671121833 ]
		],
		"fy": 1939.3939726069621,
		"fx": 1939.3939726069621,
		"fov_x": 89.42416593033829
	},
	{
		"id": 27,
		"img_name": "camera_0027",
		"width": 3840,
		"height": 2160,
		"position": [ 0.30164546360542327, 0.067204227685690357, 0.62568615161325603 ],
		"rotation": [
			[ 0.9357816524004966, -0.0087308871010433279, -0.35247194305508195 ],
			[ -0.027438550103547225, 0.99485819479211957, -0.097489990374295024 ],
			[ 0.35151077508208933, 0.10090066335457783, 0.93073048254357449 ]
		],
		"fy": 1939.3939726069621,
		"fx": 1939.3939726069621,
		"fov_x": 89.42416593033829
	},
	{
		"id": 28,
		"img_name": "camera_0028",
		"width": 3840,
		"height": 2160,
		"position": [ 0.34594862816794136, 0.061715833650414061, 0.64985545255986832 ],
		"rotation": [
			[ 0.92836573138503453, -0.0093931424646068896, -0.37154923989233196 ],
			[ -0.028257945997121309, 0.99500317852204567, -0.095760969183952563 ],
			[ 0.37059217109641401, 0.099400420550748866, 0.92346142264654485 ]
		],
		"fy": 1939.3939726069621,
		"fx": 1939.3939726069621,
		"fov_x": 89.42416593033829
	},
	{
		"id": 29,
		"img_name": "camera_0029",
		"width": 3840,
		"height": 2160,
		"position": [ 0.3910449980529685, 0.056056024820342637, 0.67563887189866634 ],
		"rotation": [
			[ 0.92029919656408121, -0.010035202700204533, -0.39108654222597916 ],
			[ -0.029080245555439831, 0.99515055218363901, -0.093966578138365814 ],
			[ 0.39013296210643633, 0.097850259045973359, 0.91554442747618414 ]
		],
		"fy": 1939.3939726069621,
		"fx": 1939.3939726069621,
		"fov_x": 89.42416593033829
	},
	{
		"id": 30,
		"img_name": "camera_0030",
		"width": 3840,
		"height": 2160,
		"position": [ 0.43684566480882403, 0.05022761753896407, 0.7030939240473244 ],
		"rotation": [
			[ 0.91154874689245746, -0.010653243543265037, -0.41105399942197191 ],
			[ -0.029902612357850536, 0.99530004211359746, -0.092106785541821751 ],
			[ 0.41010329895401559, 0.096251413343799275, 0.9069459463586319 ]
		],
		"fy": 1939.3939726069621,
		"fx": 1939.3939726069621,
		"fov_x": 89.42416593033829
	},
	{
		"id": 31,
		"img_name": "camera_0031",
		"width": 3840,
		"height": 2160,
		"position": [ 0.48325849981872315, 0.0442336525387916, 0.73227657714874672 ],
		"rotation": [
			[ 0.90208113805037426, -0.011243458398667578, -0.43141998680749494 ],
			[ -0.030722118074782978, 0.99545136716136773, -0.09018163381511167 ],
			[ 0.43047156913638418, 0.094605286637699224, 0.8976324793062348 ]
		],
		"fy": 1939.3939726069621,
		"fx": 1939.3939726069621,
		"fov_x": 89.42416593033829
	},
	{
		"id": 32,
		"img_name": "camera_0032",
		"width": 3840,
		"height": 2160,
		"position": [ 0.53018735792687099, 0.03807740351431578, 0.76324073436188256 ],
		"rotation": [
			[ 0.89186345377481258, -0.011802051046113265, -0.45215073970078584 ],
			[ -0.031535734718067192, 0.9956042386011823, -0.088191255321328529 ],
			[ 0.4512040306298854, 0.092913463343398214, 0.88757084848077361 ]
		],
		"fy": 1939.3939726069621,
		"fx": 1939.3939726069621,
		"fov_x": 89.42416593033829
	},
	{
		"id": 33,
		"img_name": "camera_0033",
		"width": 3840,
		"height": 2160,
		"position": [ 0.57753242917611924, 0.031762402473251142, 0.79603795188039717 ],
		"rotation": [
			[ 0.88086320210954461, -0.012325259498551044, -0.47321042586529405 ],
			[ -0.032340341268305275, 0.99575836044394006, -0.08613588063429764 ],
			[ 0.47226488488555773, 0.091177714296256623, 0.87672829480959558 ]
		],
		"fy": 1939.3939726069621,
		"fx": 1939.3939726069621,
		"fov_x": 89.42416593033829
	},
	{
		"id": 34,
		"img_name": "camera_0034",
		"width": 3840,
		"height": 2160,
		"position": [ 0.62519064897240051, 0.025292462254616781, 0.8307172198174404 ],
		"rotation": [
			[ 0.86904838798617212, -0.012809381104200752, -0.49456123897285253 ],
			[ -0.033132730404862261, 0.99591342991719733, -0.084015845448834087 ],
			[ 0.49361637079269804, 0.089399999252186835, 0.86507255107254133 ]
		],
		"fy": 1939.3939726069621,
		"fx": 1939.3939726069621,
		"fov_x": 89.42416593033829
	},
	{
		"id": 35,
		"img_name": "camera_0035",
		"width": 3840,
		"height": 2160,
		"position": [ 0.67305490093571818, 0.01867168794574919, 0.86732434023637117 ],
		"rotation": [
			[ 0.85638784556166359, -0.01325076641237454, -0.5161630315740724 ],
			[ -0.033909603066989875, 0.99606913745312842, -0.081831609010332554 ],
			[ 0.5152183971813229, 0.087582478857734083, 0.85257217442457223 ]
		],
		"fy": 1939.3939726069621,
		"fx": 1939.3939726069621,
		"fov_x": 89.42416593033829
	},
	{
		"id": 36,
		"img_name": "camera_0036",
		"width": 3840,
		"height": 2160,
		"position": [ 0.72101503093210484, 0.011904459867015349, 0.9059020125527788 ],
		"rotation": [
			[ 0.84285119124288399, -0.013645854927020444, -0.53797366112455924 ],
			[ -0.034667584189539011, 0.99622516837886743, -0.079583745167958284 ],
			[ 0.53702888937832072, 0.085727501607173948, 0.83919650108975041 ]
		],
		"fy": 1939.3939726069621,
		"fx": 1939.3939726069621,
		"fov_x": 89.42416593033829
	},
	{
		"id": 37,
		"img_name": "camera_0037",
		"width": 3840,
		"height": 2160,
		"position": [ 0.76895716113511314, 0.0049955314612045781, 0.94648897058260362 ],
		"rotation": [
			[ 0.82840918914163242, -0.013991181779497971, -0.55994862458811001 ],
			[ -0.035403215882725478, 0.99638120144340059, -0.077272981794199322 ],
			[ 0.55900342364860722, 0.083837630230216856, 0.82491601033469897 ]
		],
		"fy": 1939.3939726069621,
		"fx": 1939.3939726069621,
		"fov_x": 89.42416593033829
	},
	{
		"id": 38,
		"img_name": "camera_0038",
		"width": 3840,
		"height": 2160,
		"position": [ 0.81676408942149581, -0.0020500370523773804, 0.98911995666721186 ],
		"rotation": [
			[ 0.81303384553752478, -0.014283392528815525, -0.58204119330880022 ],
			[ -0.036112969880435823, 0.99653691114980758, -0.074900187732843876 ],
			[ 0.58109536172377008, 0.08191562374705022, 0.80970242136803117 ]
		],
		"fy": 1939.3939726069621,
		"fx": 1939.3939726069621,
		"fov_x": 89.42416593033829
	},
	{
		"id": 39,
		"img_name": "camera_0039",
		"width": 3840,
		"height": 2160,
		"position": [ 0.86431581911900435, -0.0092268540762920521, 1.0338255535004091 ],
		"rotation": [
			[ 0.79669847793232818, -0.014519270827094305, -0.60420255381367027 ],
			[ -0.036793256287103809, 0.99669196848944885, -0.072466380069787603 ],
			[ 0.60325599172499167, 0.079964434114654384, 0.79352876301027675 ]
		],
		"fy": 1939.3939726069621,
		"fx": 1939.3939726069621,
		"fov_x": 89.42416593033829
	},
	{
		"id": 40,
		"img_name": "camera_0040",
		"width": 3840,
		"height": 2160,
		"position": [ 0.91148898597984496, -0.016529153132691852, 1.0806314185319286 ],
		"rotation": [
			[ 0.77937810379232375, -0.014695741622806605, -0.62638151833146982 ],
			[ -0.037440423211129163, 0.99684604069671667, -0.069972750818096147 ],
			[ 0.62543423798098341, 0.077987218987700446, 0.77636976218533338 ]
		],
		"fy": 1939.3939726069621,
		"fx": 1939.3939726069621,
		"fov_x": 89.42416593033829
	},
	{
		"id": 41,
		"img_name": "camera_0041",
		"width": 3840,
		"height": 2160,
		"position": [ 0.95815732820898425, -0.023950757569866622, 1.1295579878655819 ],
		"rotation": [
			[ 0.76104957979218313, -0.014809899386032608, -0.64852463636959623 ],
			[ -0.038050766418922528, 0.99699879195732344, -0.067420679398611294 ],
			[ 0.64757677249348133, 0.075987339181032815, 0.75820198365020952 ]
		],
		"fy": 1939.3939726069621,
		"fx": 1939.3939726069621,
		"fov_x": 89.42416593033829
	},
	{
		"id": 42,
		"img_name": "camera_0042",
		"width": 3840,
		"height": 2160,
		"position": [ 1.0041926269336705, -0.031485197141220889, 1.1806209804312158 ],
		"rotation": [
			[ 0.74169148727417666, -0.014859025941344927, -0.6705765780677807 ],
			[ -0.038620547363407004, 0.99714988693286721, -0.064811698875441137 ],
			[ 0.66962839771500937, 0.07396831982575014, 0.73900371895937356 ]
		],
		"fy": 1939.3939726069621,
		"fx": 1939.3939726069621,
		"fov_x": 89.42416593033829
	},
	{
		"id": 43,
		"img_name": "camera_0043",
		"width": 3840,
		"height": 2160,
		"position": [ 1.0494635639386645, -0.039125558803378084, 1.2338298871311064 ],
		"rotation": [
			[ 0.72128482071661459, -0.014840593355874636, -0.69247957673323968 ],
			[ -0.039145988049264009, 0.99729898850084531, -0.062147559524391258 ],
			[ 0.69153148809251497, 0.071933888564684481, 0.71875567243154026 ]
		],
		"fy": 1939.3939726069621,
		"fx": 1939.3939726069621,
		"fov_x": 89.42416593033829
	},
	{
		"id": 44,
		"img_name": "camera_0044",
		"width": 3840,
		"height": 2160,
		"position": [ 1.0938369550328642, -0.046864523646886883, 1.2891883516054696 ],
		"rotation": [
			[ 0.6998128614125344, -0.014752299247048069, -0.71417387845574853 ],
			[ -0.039623289018062335, 0.99744576031409182, -0.059430212845272494 ],
			[ 0.71322643947696718, 0.069887945300808746, 0.69744083701245885 ]
		],
		"fy": 1939.3939726069621,
		"fx": 1939.3939726069621,
		"fov_x": 89.42416593033829
	},
	{
		"id": 45,
		"img_name": "camera_0045",
		"width": 3840,
		"height": 2160,
		"position": [ 1.1371776957684236, -0.054694403558983043, 1.3466938311458649 ],
		"rotation": [
			[ 0.67726144766778251, -0.014592068953210231, -0.73559771820377773 ],
			[ -0.040048640109619692, 0.99758986833674768, -0.056661812689329717 ],
			[ 0.73465164392949511, 0.067834549571256703, 0.67504476589049633 ]
		],
		"fy": 1939.3939726069621,
		"fx": 1939.3939726069621,
		"fov_x": 89.42416593033829
	},
	{
		"id": 46,
		"img_name": "camera_0046",
		"width": 3840,
		"height": 2160,
		"position": [ 1.179348880840746, -0.062607086604844348, 1.406337010862263 ],
		"rotation": [
			[ 0.65361928231878108, -0.014358074771642177, -0.75668730626985792 ],
			[ -0.040418229978413316, 0.99773098116119252, -0.053844738986611011 ],
			[ 0.75574347530527441, 0.065777921219631968, 0.65155587988562447 ]
		],
		"fy": 1939.3939726069621,
		"fx": 1939.3939726069621,
		"fov_x": 89.42416593033829
	},
	{
		"id": 47,
		"img_name": "camera_0047",
		"width": 3840,
		"height": 2160,
		"position": [ 1.2202130461237999, -0.070594088273994451, 1.4681024553535946 ],
		"rotation": [
			[ 0.62887770268771015, -0.014048765213547599, -0.77737730045210529 ],
			[ -0.040728261385234978, 0.99786877277584807, -0.050981575528409283 ],
			[ 0.77643676097075931, 0.063722401985467705, 0.6269652396253228 ]
		],
		"fy": 1939.3939726069621,
		"fx": 1939.3939726069621,
		"fov_x": 89.42416593033829
	},
	{
		"id": 48,
		"img_name": "camera_0048",
		"width": 3840,
		"height": 2160,
		"position": [ 1.2596310888960249, -0.078646486984903383, 1.5319670535171099 ],
		"rotation": [
			[ 0.60303150461937949, -0.013662855343263796, -0.79760035783615124 ],
			[ -0.040974960006784453, 0.99800292187098261, -0.048075155635982067 ],
			[ 0.79666433150287941, 0.061672476201710361, 0.60126736863912689 ]
		],
		"fy": 1939.3939726069621,
		"fx": 1939.3939726069621,
		"fov_x": 89.42416593033829
	},
	{
		"id": 49,
		"img_name": "camera_0049",
		"width": 3840,
		"height": 2160,
		"position": [ 1.2974635555135461, -0.086754977920827106, 1.5979006815145078 ],
		"rotation": [
			[ 0.57607871773767982, -0.013199354319598115, -0.81728764092897943 ],
			[ -0.041154591760055759, 0.99813311464686894, -0.045128538890634881 ],
			[ 0.8163575261775774, 0.059632730030463141, 0.5744600307787654 ]
		],
		"fy": 1939.3939726069621,
		"fx": 1939.3939726069621,
		"fov_x": 89.42416593033829
	},
	{
		"id": 50,
		"img_name": "camera_0050",
		"width": 3840,
		"height": 2160,
		"position": [ 1.3335708607666132, -0.09490982612230052, 1.6658657110018726 ],
		"rotation": [
			[ 0.54802090096769862, -0.012657582348571292, -0.836368864623523 ],
			[ -0.041263474894156688, 0.99825904548737132, -0.042145032237519947 ],
			[ 0.83544623869056411, 0.057607844185765464, 0.54654452567568312 ]
		],
		"fy": 1939.3939726069621,
		"fx": 1939.3939726069621,
		"fov_x": 89.42416593033829
	},
	{
		"id": 51,
		"img_name": "camera_0051",
		"width": 3840,
		"height": 2160,
		"position": [ 1.3678133863372017, -0.10310090895971176, 1.7358166499037417 ],
		"rotation": [
			[ 0.5188634515392645, -0.012037168445890475, -0.85477238211851836 ],
			[ -0.041297998167202934, 0.99838041857260074, -0.039128188792483413 ],
			[ 0.85385900124326308, 0.055602575359454169, 0.51752599896937856 ]
		],
		"fy": 1939.3939726069621,
		"fx": 1939.3939726069621,
		"fov_x": 89.42416593033829
	},
	{
		"id": 52,
		"img_name": "camera_0052",
		"width": 3840,
		"height": 2160,
		"position": [ 1.400052717684743, -0.11131777286950875, 1.8077010839017218 ],
		"rotation": [
			[ 0.48861525866581534, -0.011338070897573613, -0.87242568574478596 ],
			[ -0.041254632944256839, 0.99849695059843535, -0.036081780807776472 ],
			[ 0.87152348462882701, 0.053621710099057661, 0.48741309784050701 ]
		],
		"fy": 1939.3939726069621,
		"fx": 1939.3939726069621,
		"fov_x": 89.42416593033829
	},
	{
		"id": 53,
		"img_name": "camera_0053",
		"width": 3840,
		"height": 2160,
		"position": [ 1.4301509316566439, -0.11954951860281331, 1.881457818201562 ],
		"rotation": [
			[ 0.45728965759014495, -0.010560579793634194, -0.8892551058135737 ],
			[ -0.041129952688347973, 0.99860836979431866, -0.033009858657489989 ],
			[ 0.88836619479409629, 0.051670087392566837, 0.45621892334262315 ]
		],
		"fy": 1939.3939726069621,
		"fx": 1939.3939726069621,
		"fov_x": 89.42416593033829
	},
	{
		"id": 54,
		"img_name": "camera_0054",
		"width": 3840,
		"height": 2160,
		"position": [ 1.4579717598469184, -0.12778492039005326, 1.9570179598339541 ],
		"rotation": [
			[ 0.42490406952879511, -0.0097053216501468489, -0.90518635563597394 ],
			[ -0.040920649275159114, 0.99871441919034976, -0.029916707107931751 ],
			[ 0.90431301669320685, 0.049752543984700373, 0.42396067294771833 ]
		],
		"fy": 1939.3939726069621,
		"fx": 1939.3939726069621,
		"fov_x": 89.42416593033829
	},
	{
		"id": 55,
		"img_name": "camera_0055",
		"width": 3840,
		"height": 2160,
		"position": [ 1.4833810400654788, -0.13601234008868232, 2.0343044301912609 ],
		"rotation": [
			[ 0.39148029370608239, -0.0087732822049579814, -0.9201446675165551 ],
			[ -0.040623547490523035, 0.99881485714413398, -0.026806874816518389 ],
			[ 0.91928934891528302, 0.047873903825523104, 0.39065993178648339 ]
		],
		"fy": 1939.3939726069621,
		"fx": 1939.3939726069621,
		"fov_x": 89.42416593033829
	},
	{
		"id": 56,
		"img_name": "camera_0056",
		"width": 3840,
		"height": 2160,
		"position": [ 1.5062467904936341, -0.1442198346449288, 2.1132317672084726 ],
		"rotation": [
			[ 0.35704478708076037, -0.0077657824516161079, -0.93405498373563056 ],
			[ -0.040235630332942987, 0.99890945913936569, -0.023685153442835522 ],
			[ 0.93322029235875792, 0.046038951604202252, 0.35634295399940308 ]
		],
		"fy": 1939.3939726069621,
		"fx": 1939.3939726069621,
		"fov_x": 89.42416593033829
	},
	{
		"id": 57,
		"img_name": "camera_0057",
		"width": 3840,
		"height": 2160,
		"position": [ 1.5264404221499515, -0.15239518815040609, 2.1937073417816735 ],
		"rotation": [
			[ 0.32162818123286263, -0.0066844939594855497, -0.9468424528808087 ],
			[ -0.039754044061524677, 0.9989980200717048, -0.020556553056579899 ],
			[ 0.94603114590249893, 0.044252383363150405, 0.32104018058349881 ]
		],
		"fy": 1939.3939726069621,
		"fx": 1939.3939726069621,
		"fov_x": 89.42416593033829
	},
	{
		"id": 58,
		"img_name": "camera_0058",
		"width": 3840,
		"height": 2160,
		"position": [ 1.5438363507731987, -0.16052581216478662, 2.2756293773193046 ],
		"rotation": [
			[ 0.28526632151597608, -0.0055314387877349498, -0.95843232885461505 ],
			[ -0.039176131818851295, 0.99908035353368407, -0.017426355864632335 ],
			[ 0.95764730277093957, 0.042518823689589064, 0.28478727697633877 ]
		],
		"fy": 1939.3939726069621,
		"fx": 1939.3939726069621,
		"fov_x": 89.42416593033829
	},
	{
		"id": 59,
		"img_name": "camera_0059",
		"width": 3840,
		"height": 2160,
		"position": [ 1.5583130699528431, -0.1685988587564313, 2.3588883418288566 ],
		"rotation": [
			[ 0.24799975212043668, -0.0043089824615970551, -0.9687505125770759 ],
			[ -0.038499443231886935, 0.99915629452697685, -0.014300069159128969 ],
			[ 0.96799479121482701, 0.0408427689715916, 0.24762461994659679 ]
		],
		"fy": 1939.3939726069621,
		"fx": 1939.3939726069621,
		"fov_x": 89.42416593033829
	},
	{
		"id": 60,
		"img_name": "camera_0060",
		"width": 3840,
		"height": 2160,
		"position": [ 1.5697533809715161, -0.17660121556551814, 2.4433663436685347 ],
		"rotation": [
			[ 0.20987412045433484, -0.0030198266430281825, -0.97772375148124802 ],
			[ -0.037721760636534596, 0.99922570001118716, -0.011183434697488399 ],
			[ 0.97700047202547413, 0.039228574842824146, 0.20959770174742276 ]
		],
		"fy": 1939.3939726069621,
		"fx": 1939.3939726069621,
		"fov_x": 89.42416593033829
	},
	{
		"id": 61,
		"img_name": "camera_0061",
		"width": 3840,
		"height": 2160,
		"position": [ 1.5780454441269356, -0.18451955037855217, 2.5289386479198757 ],
		"rotation": [
			[ 0.1709395666075737, -0.0016670107082817423, -0.98528010516975006 ],
			[ -0.036841097568945033, 0.99928845103651864, -0.0080823978466011692 ],
			[ 0.98459250357593653, 0.037680402072347172, 0.17075652023198384 ]
		],
		"fy": 1939.3939726069621,
		"fx": 1939.3939726069621,
		"fov_x": 89.42416593033829
	},
	{
		"id": 62,
		"img_name": "camera_0062",
		"width": 3840,
		"height": 2160,
		"position": [ 1.583082455682719, -0.19234030844587766, 2.6154717385047315 ],
		"rotation": [
			[ 0.13125177550196421, -0.00025388604470071713, -0.991349033877301 ],
			[ -0.035855747405087089, 0.99934445215239143, -0.0050031320449464168 ],
			[ 0.99070042737731989, 0.036202230512951621, 0.1311566304091506 ]
		],
		"fy": 1939.3939726069621,
		"fx": 1939.3939726069621,
		"fov_x": 89.42416593033829
	},
	{
		"id": 63,
		"img_name": "camera_0063",
		"width": 3840,
		"height": 2160,
		"position": [ 1.5847637240538104, -0.20004976042577632, 2.7028248865714093 ],
		"rotation": [
			[ 0.090871333802154286, 0.0012158865872979457, -0.99586189921736867 ],
			[ -0.034764282531485106, 0.99939363332800202, -0.0019520050015410934 ],
			[ 0.99525566833507106, 0.034797805724812461, 0.09085850187874378 ]
		],
		"fy": 1939.3939726069621,
		"fx": 1939.3939726069621,
		"fov_x": 89.42416593033829
	},
	{
		"id": 64,
		"img_name": "camera_0064",
		"width": 3840,
		"height": 2160,
		"position": [ 1.5829950278758449, -0.20763402772346506, 2.7908500272849626 ],
		"rotation": [
			[ 0.049863898415685948, 0.0027383552497227022, -0.99875226810521789 ],
			[ -0.033565577413635014, 0.9994359504267234, 0.0010644282602853307 ],
			[ 0.99819183709729864, 0.033470620029487572, 0.049927687180183256 ]
		],
		"fy": 1939.3939726069621,
		"fx": 1939.3939726069621,
		"fov_x": 89.42416593033829
	},
	{
		"id": 65,
		"img_name": "camera_0065",
		"width": 3840,
		"height": 2160,
		"position": [ 1.5776891068412529, -0.21507909309013096, 2.8793916183424169 ],
		"rotation": [
			[ 0.0083003637798700902, 0.0043092909389700548, -0.99995626603003263 ],
			[ -0.03225883333957473, 0.99947138562348159, 0.0040394295942870039 ],
			[ 0.99944508184926872, 0.032223893797630514, 0.0084349887864576534 ]
		],
		"fy": 1939.3939726069621,
		"fx": 1939.3939726069621,
		"fov_x": 89.42416593033829
	},
	{
		"id": 66,
		"img_name": "camera_0066",
		"width": 3840,
		"height": 2160,
		"position": [ 1.5687661386552745, -0.22237093496561749, 2.9682885231646412 ],
		"rotation": [
			[ -0.033743935924671398, 0.0059242275094089792, -0.99941295284618359 ],
			[ -0.030843569837785023, 0.99949994853487323, 0.006966137986535597 ],
			[ 0.9989544639211404, 0.031060528121758298, -0.033544337895151655 ]
		],
		"fy": 1939.3939726069621,
		"fx": 1939.3939726069621,
		"fov_x": 89.42416593033829
	},
	{
		"id": 67,
		"img_name": "camera_0067",
		"width": 3840,
		"height": 2160,
		"position": [ 1.5561543283850114, -0.2294953697415679, 3.0573719296454396 ],
		"rotation": [
			[ -0.076188161533755183, 0.0075784445541500142, -0.99706465749230466 ],
			[ -0.029319677663626739, 0.99952167556802352, 0.0098375083934745793 ],
			[ 0.99666229011827678, 0.029983116046040467, -0.075929521323146787 ]
		],
		"fy": 1939.3939726069621,
		"fx": 1939.3939726069621,
		"fov_x": 89.42416593033829
	},
	{
		"id": 68,
		"img_name": "camera_0068",
		"width": 3840,
		"height": 2160,
		"position": [ 1.5397901443718252, -0.23643827022487521, 3.1464673409365225 ],
		"rotation": [
			[ -0.11894683205715273, 0.0092670335408471475, -0.99285737809260455 ],
			[ -0.027687413832422639, 0.99953663050975117, 0.012646398083461838 ],
			[ 0.99251451287063841, 0.028993902092785469, -0.11863513553157135 ]
		],
		"fy": 1939.3939726069621,
		"fx": 1939.3939726069621,
		"fov_x": 89.42416593033829
	},
	{
		"id": 69,
		"img_name": "camera_0069",
		"width": 3840,
		"height": 2160,
		"position": [ 1.5196189389389563, -0.24318551644785971, 3.2353945364608223 ],
		"rotation": [
			[ -0.16192974807462623, 0.01098490373884119, -0.98674114568023175 ],
			[ -0.025947419830519899, 0.99954490443945565, 0.015385558594289219 ],
			[ 0.98646109304555285, 0.028094766398173824, -0.16157102465604778 ]
		],
		"fy": 1939.3939726069621,
		"fx": 1939.3939726069621,
		"fov_x": 89.42416593033829
	},
	{
		"id": 70,
		"img_name": "camera_0070",
		"width": 3840,
		"height": 2160,
		"position": [ 1.4955954064384223, -0.24972303179334496, 3.3239676042518704 ],
		"rotation": [
			[ -0.20504195312820661, 0.01272681092643263, -0.97867043775778439 ],
			[ -0.024100745781883377, 0.99954661535242539, 0.018047653317470675 ],
			[ 0.97845641267770711, 0.027287213510239824, -0.20464226461979762 ]
		],
		"fy": 1939.3939726069621,
		"fx": 1939.3939726069621,
		"fov_x": 89.42416593033829
	},
	{
		"id": 71,
		"img_name": "camera_0071",
		"width": 3840,
		"height": 2160,
		"position": [ 1.4676836758997656, -0.25603689563968418, 3.4119970090230503 ],
		"rotation": [
			[ -0.24818468926103243, 0.014487408584828962, -0.9686043955139273 ],
			[ -0.022148826782714411, 0.99954190798241516, 0.020625315973881425 ],
			[ 0.96845949295184963, 0.026572338613102153, -0.24775011873271935 ]
		],
		"fy": 1939.3939726069621,
		"fx": 1939.3939726069621,
		"fov_x": 89.42416593033829
	},
	{
		"id": 72,
		"img_name": "camera_0072",
		"width": 3840,
		"height": 2160,
		"position": [ 1.4358580854527778, -0.26211328516356963, 3.4992876560430468 ],
		"rotation": [
			[ -0.29125444713321569, 0.016261254655753777, -0.95650740646486643 ],
			[ -0.020093549547174339, 0.99953095256217417, 0.023111125821731707 ],
			[ 0.95643457501897111, 0.025950847137875675, -0.29079108865490788 ]
		],
		"fy": 1939.3939726069621,
		"fx": 1939.3939726069621,
		"fov_x": 89.42416593033829
	},
	{
		"id": 73,
		"img_name": "camera_0073",
		"width": 3840,
		"height": 2160,
		"position": [ 1.400103443411705, -0.26793853543473811, 3.5856410313474312 ],
		"rotation": [
			[ -0.33414396451399053, 0.018042851293266871, -0.94234933357862649 ],
			[ -0.017937223843171545, 0.99951394471464661, 0.025497653259984352 ],
			[ 0.94235135007048842, 0.025423017880957615, -0.33365791341155315 ]
		],
		"fy": 1939.3939726069621,
		"fx": 1939.3939726069621,
		"fov_x": 89.42416593033829
	},
	{
		"id": 74,
		"img_name": "camera_0074",
		"width": 3840,
		"height": 2160,
		"position": [ 1.360415145262287, -0.27349924458584485, 3.6708553250549842 ],
		"rotation": [
			[ -0.37674232326744783, 0.019826697389054418, -0.92610589239551233 ],
			[ -0.015682604776892088, 0.99949110364721794, 0.027777502362127907 ],
			[ 0.92618533661813984, 0.024988713466464869, -0.37623966621401483 ]
		],
		"fy": 1939.3939726069621,
		"fx": 1939.3939726069621,
		"fov_x": 89.42416593033829
	},
	{
		"id": 75,
		"img_name": "camera_0075",
		"width": 3840,
		"height": 2160,
		"position": [ 1.3167998298419858, -0.27878224482411612, 3.7547256221629182 ],
		"rotation": [
			[ -0.41893504387257985, 0.021607304886458577, -0.90775908334261457 ],
			[ -0.013332908202153122, 0.99946267132986033, 0.029943316066403623 ],
			[ 0.90791831272111323, 0.024647372957847059, -0.41842184985003383 ]
		],
		"fy": 1939.3939726069621,
		"fx": 1939.3939726069621,
		"fov_x": 89.42416593033829
	},
	{
		"id": 76,
		"img_name": "camera_0076",
		"width": 3840,
		"height": 2160,
		"position": [ 1.2692749125501259, -0.28377471400078835, 3.837046039471169 ],
		"rotation": [
			[ -0.46060517318255889, 0.023379263220672613, -0.88729717935352626 ],
			[ -0.01089177110442351, 0.99942891072638096, 0.031987837164904831 ],
			[ 0.88753830551682333, 0.024398001056195696, -0.46008748492519147 ]
		],
		"fy": 1939.3939726069621,
		"fx": 1939.3939726069621,
		"fov_x": 89.42416593033829
	},
	{
		"id": 77,
		"img_name": "camera_0077",
		"width": 3840,
		"height": 2160,
		"position": [ 1.2178700308341004, -0.28846411847908482, 3.9176076363133614 ],
		"rotation": [
			[ -0.50163231972940037, 0.02513723653841194, -0.86471563831245279 ],
			[ -0.0083633352397000458, 0.99939010441468112, 0.033903890951943266 ],
			[ 0.86504050218852124, 0.024239194236294181, -0.50111614525597359 ]
		],
		"fy": 1939.3939726069621,
		"fx": 1939.3939726069621,
		"fov_x": 89.42416593033829
	},
	{
		"id": 78,
		"img_name": "camera_0078",
		"width": 3840,
		"height": 2160,
		"position": [ 1.1626255242833181, -0.29283837092469728, 3.9962024614191494 ],
		"rotation": [
			[ -0.54189471345722162, 0.026876054935491542, -0.84001654578836704 ],
			[ -0.0057521420726466283, 0.9993465521072521, 0.035684473555360953 ],
			[ 0.8404266966182663, 0.024169122086902695, -0.54138601861228075 ]
		],
		"fy": 1939.3939726069621,
		"fx": 1939.3939726069621,
		"fov_x": 89.42416593033829
	},
	{
		"id": 79,
		"img_name": "camera_0079",
		"width": 3840,
		"height": 2160,
		"position": [ 1.1035951057297742, -0.29688573957450726, 4.0726197308516392 ],
		"rotation": [
			[ -0.58126742887903027, 0.028590682311481194, -0.81321015058183155 ],
			[ -0.0030632801898638432, 0.99929856952412288, 0.037322717767067318 ],
			[ 0.8137068221656002, 0.024185570739714442, -0.5807721289190404 ]
		],
		"fy": 1939.3939726069621,
		"fx": 1939.3939726069621,
		"fov_x": 89.42416593033829
	},
	{
		"id": 80,
		"img_name": "camera_0080",
		"width": 3840,
		"height": 2160,
		"position": [ 1.0408427348965654, -0.30059500866403399, 4.1466520225362693 ],
		"rotation": [
			[ -0.61962551342256811, 0.0302763360444704, -0.78431343644715279 ],
			[ -0.0003021908928030493, 0.99924648504987579, 0.038811992942035661 ],
			[ 0.78489752948807523, 0.024285913431259312, -0.61914946710170571 ]
		],
		"fy": 1939.3939726069621,
		"fx": 1939.3939726069621,
		"fov_x": 89.42416593033829
	},
	{
		"id": 81,
		"img_name": "camera_0081",
		"width": 3840,
		"height": 2160,
		"position": [ 0.97444635072145591, -0.30395542353841132, 4.2180901558319341 ],
		"rotation": [
			[ -0.65684164656355981, 0.031928439001173745, -0.75335225898819735 ],
			[ 0.0025251267696572328, 0.9991906385184075, 0.040145879389722881 ],
			[ 0.75402431994894492, 0.024467175564934808, -0.65639064759136079 ]
		],
		"fy": 1939.3939726069621,
		"fx": 1939.3939726069621,
		"fov_x": 89.42416593033829
	},
	{
		"id": 82,
		"img_name": "camera_0082",
		"width": 3840,
		"height": 2160,
