[
	{
		"id": 0,
		"img_name": "camera_0000",
		"width": 3840,
		"height": 2160,
		"position": [ -0.29018270142077374, -0.033799588285338855, -0.97689545336019312 ],
		"rotation": [
			[ 0.92052670795874869, 0.0077393082949882511, 0.3906029736724283 ],
			[ -0.033720001875148085, 0.9976466559619952, 0.059700178570824276 ],
			[ -0.38922171240588388, -0.068126741849023009, 0.91862136140896922 ]
		],
		"fy": 3362.7433967417946,
		"fx": 3362.7433967417946,
		"fov_x": 59.44948319331327
	},
	{
		"id": 1,
		"img_name": "camera_0001",
		"width": 3840,
		"height": 2160,
		"position": [ -0.28921820854933999, -0.033793481183415214, -0.97729202302869367 ],
		"rotation": [
			[ 0.92068827677216025, 0.007694477365405226, 0.39022287481948481 ],
			[ -0.033640320636403799, 0.99764942530755552, 0.059698852677284989 ],
			[ -0.38884627533485516, -0.068091256425311317, 0.91878297489485106 ]
		],
		"fy": 3362.7979584733162,
		"fx": 3362.7979584733162,
		"fov_x": 59.448682610359654
	},
	{
		"id": 2,
		"img_name": "camera_0002",
		"width": 3840,
		"height": 2160,
		"position": [ -0.28633215914777266, -0.033774729052871218, -0.97847590256781769 ],
		"rotation": [
			[ 0.92117063258971799, 0.0075602870212232469, 0.38908547610315058 ],
			[ -0.033401974278983032, 0.99765768244552877, 0.059694696344671956 ],
			[ -0.387722805324274, -0.067985224259195898, 0.91926548695896448 ]
		],
		"fy": 3362.9613354095104,
		"fx": 3362.9613354095104,
		"fov_x": 59.446285501728788
	},
	{
		"id": 3,
		"img_name": "camera_0003",
		"width": 3840,
		"height": 2160,
		"position": [ -0.28153430524912493, -0.033741963231704745, -0.98043484513122292 ],
		"rotation": [
			[ 0.92196884452711259, 0.0073370658443845079, 0.38719454694783112 ],
			[ -0.033006019300337128, 0.99767131164745504, 0.059687156119154698 ],
			[ -0.38585496292167448, -0.067809449049831827, 0.92006403375432055 ]
		],
		"fy": 3363.2326027752674,
		"fx": 3363.2326027752674,
		"fov_x": 59.442305784761267
	},
	{
		"id": 4,
		"img_name": "camera_0004",
		"width": 3840,
		"height": 2160,
		"position": [ -0.27483260041782742, -0.033692869132665608, -0.98315200640643685 ],
		"rotation": [
			[ 0.92307613729299054, 0.0070249798263276406, 0.38455311001042736 ],
			[ -0.032453527867733589, 0.99769014555719282, 0.059675304666215089 ],
			[ -0.38324563048936433, -0.067564954795419213, 0.92117195115477901 ]
		],
		"fy": 3363.6105275371056,
		"fx": 3363.6105275371056,
		"fov_x": 59.436762122543364
	},
	{
		"id": 5,
		"img_name": "camera_0005",
		"width": 3840,
		"height": 2160,
		"position": [ -0.26623329201399237, -0.033624208081594498, -0.98660602671841513 ],
		"rotation": [
			[ 0.92448392364457066, 0.0066240385867572856, 0.38116347809770657 ],
			[ -0.03174559165673263, 0.99771396624044495, 0.059657849266666112 ],
			[ -0.37989694962332043, -0.067252982696393598, 0.92258080620904692 ]
		],
		"fy": 3364.0948014366554,
		"fx": 3364.0948014366554,
		"fov_x": 59.429659830751049
	},
	{
		"id": 6,
		"img_name": "camera_0006",
		"width": 3840,
		"height": 2160,
		"position": [ -0.2557410293187295, -0.033531839309604163, -0.9907711068771341 ],
		"rotation": [
			[ 0.92618183416912359, 0.006134102405422193, 0.37702729721175066 ],
			[ -0.030883326980374916, 0.99774250620574312, 0.059633140324034536 ],
			[ -0.37581036463852519, -0.066874988582896519, 0.9242804259164511 ]
		],
		"fy": 3364.6841914404354,
		"fx": 3364.6841914404354,
		"fov_x": 59.421018001838597
	},
	{
		"id": 7,
		"img_name": "camera_0007",
		"width": 3840,
		"height": 2160,
		"position": [ -0.2433589793163497, -0.033410742125458096, -0.99561708116838266 ],
		"rotation": [
			[ 0.92815774582687127, 0.00555488965751854, 0.37214559256086038 ],
			[ -0.029867880515485268, 0.99777544942056418, 0.059599179919723771 ],
			[ -0.37098666899916205, -0.066432640580393193, 0.92625892475615179 ]
		],
		"fy": 3365.3780810317066,
		"fx": 3365.3780810317066,
		"fov_x": 59.410846892551959
	},
	{
		"id": 8,
		"img_name": "camera_0008",
		"width": 3840,
		"height": 2160,
		"position": [ -0.22908896595601605, -0.033255038445681583, -1.0011094816149808 ],
		"rotation": [
			[ 0.93039780684206785, 0.0048859854041245245, 0.36651882375957301 ],
			[ -0.02870043692255669, 0.99781243228329897, 0.059553630463149029 ],
			[ -0.36542606084394774, -0.065927817554638127, 0.9285027285520262 ]
		],
		"fy": 3366.1752371769867,
		"fx": 3366.1752371769867,
		"fov_x": 59.399165995903353
	},
	{
		"id": 9,
		"img_name": "camera_0009",
		"width": 3840,
		"height": 2160,
		"position": [ -0.21293165447818097, -0.033058016270703462, -1.0072095856456413 ],
		"rotation": [
			[ 0.93288645491473854, 0.0041268520632220043, 0.36014695796113499 ],
			[ -0.027382230050975703, 0.9978530445003051, 0.059493823703873482 ],
			[ -0.35912821625994068, -0.06536260913947986, 0.93099659162235004 ]
		],
		"fy": 3367.0750433595367,
		"fx": 3367.0750433595367,
		"fov_x": 59.385985960914411
	},
	{
		"id": 10,
		"img_name": "camera_0010",
		"width": 3840,
		"height": 2160,
		"position": [ -0.19488666751150471, -0.032812152335286955, -1.0138744932861641 ],
		"rotation": [
			[ 0.93560644692193373, 0.0032768371975616922, 0.35302951550273415 ],
			[ -0.025914548603879616, 0.99789683018470432, 0.059416769333047383 ],
			[ -0.35209233540191076, -0.064739312981372255, 0.93372362544059484 ]
		],
		"fy": 3368.0768830626157,
		"fx": 3368.0768830626157,
		"fov_x": 59.371317628730161
	},
	{
		"id": 11,
		"img_name": "camera_0011",
		"width": 3840,
		"height": 2160,
		"position": [ -0.17495283687346205, -0.032509137498869627, -1.0210571529528389 ],
		"rotation": [
			[ 0.93853886826321764, 0.0023351873690999562, 0.34516566987339536 ],
			[ -0.024298752626262812, 0.99794328862795001, 0.05931916472136007 ],
			[ -0.34431724235072259, -0.064060436951236602, 0.93666530683996752 ]
		],
		"fy": 3369.1792149943722,
		"fx": 3369.1792149943722,
		"fov_x": 59.355185558212867
	},
	{
		"id": 12,
		"img_name": "camera_0012",
		"width": 3840,
		"height": 2160,
		"position": [ -0.15312833685911603, -0.032139900658502578, -1.0287064370256274 ],
		"rotation": [
			[ 0.94166316179133791, 0.0013010568410264534, 0.33655430018978694 ],
			[ -0.022536280373136139, 0.99799187543149648, 0.059197403994331939 ],
			[ -0.33580143804350238, -0.063328696685003447, 0.93980150584264055 ]
		],
		"fy": 3370.3817308964371,
		"fx": 3370.3817308964371,
		"fov_x": 59.337596431162623
	},
	{
		"id": 13,
		"img_name": "camera_0013",
		"width": 3840,
		"height": 2160,
		"position": [ -0.12941093553569105, -0.031694635217746153, -1.0367671767241773 ],
		"rotation": [
			[ 0.94495714030171907, 0.00017352177961264988, 0.32719409053800014 ],
			[ -0.020628664587936267, 0.99804200339564597, 0.059047588056784887 ],
			[ -0.32654319957720063, -0.062547017100716654, 0.94311049695233862 ]
		],
		"fy": 3371.6835059936984,
		"fx": 3371.6835059936984,
		"fov_x": 59.31856612439551
	},
	{
		"id": 14,
		"img_name": "camera_0014",
		"width": 3840,
		"height": 2160,
		"position": [ -0.10379820815893764, -0.031162825998628872, -1.0451802159211547 ],
		"rotation": [
			[ 0.94839700668829641, -0.0010484072480203763, 0.31708361444092581 ],
			[ -0.018577545528259892, 0.99809304356390416, 0.058865534835656971 ],
			[ -0.31654066485496746, -0.061718532318784207, 0.94656897807903595 ]
		],
		"fy": 3373.0833072526775,
		"fx": 3373.0833072526775,
		"fov_x": 59.298115176571692
	},
	{
		"id": 15,
		"img_name": "camera_0015",
		"width": 3840,
		"height": 2160,
		"position": [ -0.076287771074172769, -0.030533277537377071, -1.0538824628940122 ],
		"rotation": [
			[ 0.95195737323268514, -0.00236577174186228, 0.30622142751935488 ],
			[ -0.016384685458394315, 0.99814432628657002, 0.058646790060145795 ],
			[ -0.3057919253844934, -0.060846585984710266, 0.95015208853301458 ]
		],
		"fy": 3374.580518156632,
		"fx": 3374.580518156632,
		"fov_x": 59.276255268866237
	},
	{
		"id": 16,
		"img_name": "camera_0016",
		"width": 3840,
		"height": 2160,
		"position": [ -0.04687749790381171, -0.029794142682114798, -1.0628069543746339 ],
		"rotation": [
			[ 0.95561128547953955, -0.0037796523175569717, 0.29460615284223163 ],
			[ -0.014051981636930973, 0.99819514239804763, 0.058386638069140899 ],
			[ -0.29429511187958474, -0.059934730509946278, 0.95383343158147005 ]
		],
		"fy": 3376.1745221888232,
		"fx": 3376.1745221888232,
		"fov_x": 59.252998240479542
	},
	{
		"id": 17,
		"img_name": "camera_0017",
		"width": 3840,
		"height": 2160,
		"position": [ -0.015565906872227137, -0.02893295745057245, -1.0718828734156911 ],
		"rotation": [
			[ 0.95933022773076826, -0.0052911477165264228, 0.28223663461335824 ],
			[ -0.011581492485396194, 0.99824474416971642, 0.058080115094135867 ],
			[ -0.28204854758328946, -0.058986731502764699, 0.95758507836785833 ]
		],
		"fy": 3377.8640863157693,
		"fx": 3377.8640863157693,
		"fov_x": 59.228365069126546
	},
	{
		"id": 18,
		"img_name": "camera_0018",
		"width": 3840,
		"height": 2160,
		"position": [ 0.017647766326506446, -0.027936668690268559, -1.0810356731197384 ],
		"rotation": [
			[ 0.96308417097092081, -0.0069013684226373303, 0.2691119669192536 ],
			[ -0.0089754387650366977, 0.99829234692533175, 0.057722019795639484 ],
			[ -0.2690507779662224, -0.058006561561672859, 0.9613776145155255 ]
		],
		"fy": 3379.6482857623591,
		"fx": 3379.6482857623591,
		"fov_x": 59.202372363491918
	},
	{
		"id": 19,
		"img_name": "camera_0019",
		"width": 3840,
		"height": 2160,
		"position": [ 0.052763156795694668, -0.026791672029645629, -1.0901871057943555 ],
		"rotation": [
			[ 0.96684158215712446, -0.0086114139692933713, 0.25523165665990127 ],
			[ -0.0062362313140518653, 0.9983371301682894, 0.057306927559778308 ],
			[ -0.25530073331446951, -0.056998404160059586, 0.96518014768865834 ]
		],
		"fy": 3381.5265040118543,
		"fx": 3381.5265040118543,
		"fov_x": 59.175032373691948
	},
	{
		"id": 20,
		"img_name": "camera_0020",
		"width": 3840,
		"height": 2160,
		"position": [ 0.089778570287876641, -0.025483846539865854, -1.0992553214298226 ],
		"rotation": [
			[ 0.97056946259244181, -0.010422360676727851, 0.24059570378737638 ],
			[ -0.0033664815840156008, 0.99837823913548551, 0.056829203957752664 ],
			[ -0.24079780955142271, -0.055966650950825744, 0.9689603443364363 ]
		],
		"fy": 3383.497816289143,
		"fx": 3383.497816289143,
		"fov_x": 59.146361967116391
	},
	{
		"id": 21,
		"img_name": "camera_0021",
		"width": 3840,
		"height": 2160,
		"position": [ 0.1286904745352474, -0.023998601617472123, -1.1081549024956445 ],
		"rotation": [
			[ 0.97423335945075284, -0.012335233891018458, 0.22520480309743468 ],
			[ -0.00036903591936401301, 0.99841478614115375, 0.056283022548583868 ],
			[ -0.22554206956971615, -0.054915906799105588, 0.97268443908322155 ]
		],
		"fy": 3385.5612978191152,
		"fx": 3385.5612978191152,
		"fov_x": 59.116378125994082
	},
	{
		"id": 22,
		"img_name": "camera_0022",
		"width": 3840,
		"height": 2160,
		"position": [ 0.16949366132971863, -0.022320900089053047, -1.1167970721328262 ],
		"rotation": [
			[ 0.9777974472468296, -0.014351012450628142, 0.20906027982193418 ],
			[ 0.0027530420164490433, 0.99844585277344711, 0.055662373639288172 ],
			[ -0.2095341807849955, -0.053850975117874816, 0.97631731499631558 ]
		],
		"fy": 3387.7160238266592,
		"fx": 3387.7160238266592,
		"fov_x": 59.085097940992789
	},
	{
		"id": 23,
		"img_name": "camera_0023",
		"width": 3840,
		"height": 2160,
		"position": [ 0.21218030101528101, -0.02043532851976269, -1.1250896521764913 ],
		"rotation": [
			[ 0.98122450940752193, -0.016470579927128259, 0.1921644663688683 ],
			[ 0.0059964046541560847, 0.99847049107910379, 0.054961091469120475 ],
			[ -0.1927757901532022, -0.052776874112791979, 0.97982248202911282 ]
		],
		"fy": 3389.9613777950362,
		"fx": 3389.9613777950362,
		"fov_x": 59.052534136520372
	},
	{
		"id": 24,
		"img_name": "camera_0024",
		"width": 3840,
		"height": 2160,
		"position": [ 0.25674033333787583, -0.018326112333025987, -1.1329373400007043 ],
		"rotation": [
			[ 0.98447604623921958, -0.018694739567098325, 0.17452054633684921 ],
			[ 0.0093574556545148145, 0.9984877261665247, 0.054172859611404792 ],
			[ -0.17526937098326037, -0.051698814370559322, 0.98316218407128064 ]
		],
		"fy": 3392.2964349491353,
		"fx": 3392.2964349491353,
		"fov_x": 59.018704015109606
	},
	{
		"id": 25,
		"img_name": "camera_0025",
		"width": 3840,
		"height": 2160,
		"position": [ 0.30316052650068648, -0.015977194406166531, -1.140241709242674 ],
		"rotation": [
			[ 0.98751227456510537, -0.021024165532049069, 0.15613293069347348 ],
			[ 0.012832285219497953, 0.99849655783677993, 0.053291241720827227 ],
			[ -0.15701859774974888, -0.050622213027318182, 0.98629739506343594 ]
		],
		"fy": 3394.7199622554749,
		"fx": 3394.7199622554749,
		"fov_x": 58.983629428751584
	},
	{
		"id": 26,
		"img_name": "camera_0026",
		"width": 3840,
		"height": 2160,
		"position": [ 0.35142441317780959, -0.013372276339032601, -1.1469014212343853 ],
		"rotation": [
			[ 0.99029220991496725, -0.023459395566559679, 0.13700728353405905 ],
			[ 0.016416671851239836, 0.99849596316538947, 0.052309697263030003 ],
			[ -0.13802837341307433, -0.049552682087580464, 0.98918789915307181 ]
		],
		"fy": 3397.2313431973157,
		"fx": 3397.2313431973157,
		"fov_x": 58.947323386110114
	},
	{
		"id": 27,
		"img_name": "camera_0027",
		"width": 3840,
		"height": 2160,
		"position": [ 0.40151229623688317, -0.010494853189457264, -1.1528124327246081 ],
		"rotation": [
			[ 0.9927737469407627, -0.026000827364706172, 0.11715052010789068 ],
			[ 0.020106088717138874, 0.99848489895431758, 0.05122159463238931 ],
			[ -0.11830482907175469, -0.04849601567692978, 0.99179236934036041 ]
		],
		"fy": 3399.8296529995469,
		"fx": 3399.8296529995469,
		"fov_x": 58.909803442478051
	},
	{
		"id": 28,
		"img_name": "camera_0028",
		"width": 3840,
		"height": 2160,
		"position": [ 0.45340019918356328, -0.0073283146879241246, -1.1578680745790664 ],
		"rotation": [
			[ 0.99491369080847702, -0.02864866321887434, 0.096571227276170249 ],
			[ 0.023895633853941355, 0.99846230433539485, 0.050020250938709279 ],
			[ -0.097855743441928766, -0.04745820178878031, 0.9940683943061478 ]
		],
		"fy": 3402.5142751454268,
		"fx": 3402.5142751454268,
		"fov_x": 58.871082781972277
	},
	{
		"id": 29,
		"img_name": "camera_0029",
		"width": 3840,
		"height": 2160,
		"position": [ 0.50706041073004937, -0.0038559537070885154, -1.1619593633205825 ],
		"rotation": [
			[ 0.99666787881543439, -0.031402932675992729, 0.075279447108022493 ],
			[ 0.027780076808065806, 0.99842710353789854, 0.048698934828807584 ],
			[ -0.076690329703818935, -0.046445395253669156, 0.99597259931669302 ]
		],
		"fy": 3405.2839766014772,
		"fx": 3405.2839766014772,
		"fov_x": 58.831183552677594
	},
	{
		"id": 30,
		"img_name": "camera_0030",
		"width": 3840,
		"height": 2160,
		"position": [ 0.56246026482863432, -6.1088287836117417e-05, -1.1649751274701596 ],
		"rotation": [
			[ 0.99799123020462832, -0.034263427478806022, 0.053287165171898382 ],
			[ 0.031753778126979645, 0.99837820923611109, 0.047250914246800883 ],
			[ -0.054819722813191335, -0.045463929217574035, 0.99746069051907216 ]
		],
		"fy": 3408.1381408509556,
		"fx": 3408.1381408509556,
		"fov_x": 58.790119076827203
	},
	{
		"id": 31,
		"img_name": "camera_0031",
		"width": 3840,
		"height": 2160,
		"position": [ 0.61956276631342044, 0.0040729341080988626, -1.1668023265949758 ],
		"rotation": [
			[ 0.99883787161945325, -0.037229728776258221, 0.030608062891451536 ],
			[ 0.0358107420500633, 0.99831452527299969, 0.045669457876888232 ],
			[ -0.032256735305120861, -0.044520286658907428, 0.99848757984426828 ]
		],
		"fy": 3411.0758431187528,
		"fx": 3411.0758431187528,
		"fov_x": 58.747907180749579
	},
	{
		"id": 32,
		"img_name": "camera_0032",
		"width": 3840,
		"height": 2160,
		"position": [ 0.67832544634876812, 0.0085626075953660133, -1.1673262548953305 ],
		"rotation": [
			[ 0.99916121797088508, -0.04030114491597981, 0.0072579763983197897 ],
			[ 0.039944543456157271, 0.9982349506954038, 0.043947885708229266 ],
			[ -0.0090163158228034265, -0.04362110645783316, 0.99900745999235552 ]
		],
		"fy": 3414.0961586297576,
		"fx": 3414.0961586297576,
		"fov_x": 58.704565740358035
	},
	{
		"id": 33,
		"img_name": "camera_0033",
		"width": 3840,
		"height": 2160,
		"position": [ 0.73870041014034993, 0.013424216305758341, -1.1664308604188032 ],
		"rotation": [
			[ 0.99891409877325343, -0.043476709084375988, -0.016745119862558409 ],
			[ 0.044148340618185372, 0.99813838328873661, 0.042079589190101956 ],
			[ 0.014884464809982047, -0.042773164167963999, 0.99897392815547537 ]
		],
		"fy": 3417.19816260886,
		"fx": 3417.19816260886,
		"fov_x": 58.660112675431712
	},
	{
		"id": 34,
		"img_name": "camera_0034",
		"width": 3840,
		"height": 2160,
		"position": [ 0.80063445938436739, 0.018673793913338281, -1.1639990356672083 ],
		"rotation": [
			[ 0.99804887288730049, -0.046755181368834359, -0.041381159282416646 ],
			[ 0.048414892198658646, 0.99802372270512008, 0.040058047021863566 ],
			[ 0.039426457383102478, -0.04198335304595114, 0.99834009862633355 ]
		],
		"fy": 3420.3812385393176,
		"fx": 3420.3812385393176,
		"fov_x": 58.614561535792078
	},
	{
		"id": 35,
		"img_name": "camera_0035",
		"width": 3840,
		"height": 2160,
		"position": [ 0.86406788074379359, 0.024326964789837598, -1.1599129614061909 ],
		"rotation": [
			[ 0.99651756653935319, -0.050134981360277539, -0.066627495994449823 ],
			[ 0.052736483814120882, 0.99788987601424717, 0.037876887717887678 ],
			[ 0.064587946657319664, -0.041258683840800447, 0.9970587335530019 ]
		],
		"fy": 3423.6441533876523,
		"fx": 3423.6441533876523,
		"fov_x": 58.567934733076633
	},
	{
		"id": 36,
		"img_name": "camera_0036",
		"width": 3840,
		"height": 2160,
		"position": [ 0.9289352707730284, 0.030398956107572799, -1.1540544209790928 ],
		"rotation": [
			[ 0.99427199769196262, -0.053614226508469677, -0.092459230591284622 ],
			[ 0.05710499439801877, 0.99773576005475662, 0.035529884924656079 ],
			[ 0.090344973409902996, -0.040606253506763786, 0.9950823674227719 ]
		],
		"fy": 3426.9862906371231,
		"fx": 3426.9862906371231,
		"fov_x": 58.520245890318598
	},
	{
		"id": 37,
		"img_name": "camera_0037",
		"width": 3840,
		"height": 2160,
		"position": [ 0.99516429048113286, 0.036904424257817106, -1.1463052305708243 ],
		"rotation": [
			[ 0.99126394690797692, -0.057190661434053464, -0.11884870973281514 ],
			[ 0.061511822140893097, 0.99756030792335892, 0.033011025321253246 ],
			[ 0.11667083310462223, -0.040033239946184213, 0.99236346990509716 ]
		],
		"fy": 3430.4067255126188,
		"fx": 3430.4067255126188,
		"fov_x": 58.471513067623896
	},
	{
		"id": 38,
		"img_name": "camera_0038",
		"width": 3840,
		"height": 2160,
		"position": [ 1.0626758815260851, 0.043857401849221551, -1.1365476198138089 ],
		"rotation": [
			[ 0.98744531279972991, -0.060861664907932406, -0.14576560628103633 ],
			[ 0.065947911947699861, 0.9973624727975603, 0.030314530589706429 ],
			[ 0.14353615272669798, -0.039546878508554512, 0.98885459864463765 ]
		],
		"fy": 3433.904841497399,
		"fx": 3433.904841497399,
		"fov_x": 58.421749960630393
	},
	{
		"id": 39,
		"img_name": "camera_0039",
		"width": 3840,
		"height": 2160,
		"position": [ 1.1313844770338848, 0.05127125697222322, -1.1246645828825563 ],
		"rotation": [
			[ 0.98276824944088204, -0.064624255793147567, -0.17317700036115094 ],
			[ 0.070403779375255771, 0.99714123151929213, 0.027434872951588023 ],
			[ 0.17090896916365905, -0.03915443739056023, 0.98450853439269082 ]
		],
		"fy": 3437.4790972996134,
		"fx": 3437.4790972996134,
		"fov_x": 58.370983429349337
	},
	{
		"id": 40,
		"img_name": "camera_0040",
		"width": 3840,
		"height": 2160,
		"position": [ 1.2011969297542675, 0.059158506825072656, -1.1105404421977281 ],
		"rotation": [
			[ 0.97718539492221368, -0.068475030515274773, -0.20104694513135338 ],
			[ 0.074869453710517245, 0.99689559210546508, 0.024366849237907561 ],
			[ 0.19875429266258865, -0.038863204147707497, 0.97927850099528257 ]
		],
		"fy": 3441.1294929192622,
		"fx": 3441.1294929192622,
		"fov_x": 58.319218446075986
	},
	{
		"id": 41,
		"img_name": "camera_0041",
		"width": 3840,
		"height": 2160,
		"position": [ 1.2720126189264114, 0.067530745439839779, -1.0940613147163798 ],
		"rotation": [
			[ 0.97065005863206588, -0.072410162844339696, -0.22933650384189389 ],
			[ 0.079334499130515976, 0.99662459857467345, 0.021105609765687684 ],
			[ 0.22703414043988399, -0.038680458021170559, 0.97311834904188066 ]
		],
		"fy": 3444.8544870644942,
		"fx": 3444.8544870644942,
		"fov_x": 58.266481873453145
	},
	{
		"id": 42,
		"img_name": "camera_0042",
		"width": 3840,
		"height": 2160,
		"position": [ 1.3437244054284585, 0.076398683899553357, -1.0751153301760608 ],
		"rotation": [
			[ 0.96311630706134654, -0.076425451328886451, -0.25800412683073509 ],
			[ 0.083788086707176856, 0.99632733201980594, 0.017646642633821388 ],
			[ 0.2557079107076366, -0.038613441435220448, 0.96598264298177949 ]
		],
		"fy": 3448.653463218568,
		"fx": 3448.653463218568,
		"fov_x": 58.212787454200338
	},
	{
		"id": 43,
		"img_name": "camera_0043",
		"width": 3840,
		"height": 2160,
		"position": [ 1.4162166557212026, 0.085771827436177867, -1.0535935591741534 ],
		"rotation": [
			[ 0.95453934163196419, -0.080516205128798854, -0.28700485359741479 ],
			[ 0.08821888608740909, 0.99600292302774573, 0.013985902104728882 ],
			[ 0.28473158134339971, -0.038669342273220879, 0.95782702433886446 ]
		],
		"fy": 3452.525188348005,
		"fx": 3452.525188348005,
		"fov_x": 58.158157644423518
	},
	{
		"id": 44,
		"img_name": "camera_0044",
		"width": 3840,
		"height": 2160,
		"position": [ 1.4893663937423318, 0.095658524049235791, -1.0293902756907172 ],
		"rotation": [
			[ 0.94487560291298611, -0.084677301342947195, -0.31629076758118729 ],
			[ 0.092615152416902047, 0.99565055285339166, 0.010119789796704097 ],
			[ 0.31405816111448998, -0.038855260133104072, 0.94860831758812547 ]
		],
		"fy": 3456.4696624528033,
		"fx": 3456.4696624528033,
		"fov_x": 58.102597505059286
	},
	{
		"id": 45,
		"img_name": "camera_0045",
		"width": 3840,
		"height": 2160,
		"position": [ 1.5630429414334555, 0.10606582842961129, -1.0024035710265951 ],
		"rotation": [
			[ 0.93408301968383822, -0.088903159333052831, -0.34581084511467275 ],
			[ 0.096964719836032373, 0.99526946027339103, 0.0060452091967749012 ],
			[ 0.34363753497754301, -0.039178178973949832, 0.9382847727885405 ]
		],
		"fy": 3460.4850359827428,
		"fx": 3460.4850359827428,
		"fov_x": 58.04613815498265
	},
	{
		"id": 46,
		"img_name": "camera_0046",
		"width": 3840,
		"height": 2160,
		"position": [ 1.6371075856824493, 0.11699935282457787, -0.97253604983419761 ],
		"rotation": [
			[ 0.92212129257934161, -0.093187715458134437, -0.37551081403802233 ],
			[ 0.10125499965328875, 0.99485894917951467, 0.0017596257114056574 ],
			[ 0.37341631835930378, -0.039644935680683349, 0.92681634224794385 ]
		],
		"fy": 3464.5713089378228,
		"fx": 3464.5713089378228,
		"fov_x": 57.988784663170584
	},
	{
		"id": 47,
		"img_name": "camera_0047",
		"width": 3840,
		"height": 2160,
		"position": [ 1.7114148648450234, 0.128463362407401, -0.93969490886516127 ],
		"rotation": [
			[ 0.90895192124398083, -0.097524490444170719, -0.40533366333242166 ],
			[ 0.1054730696063596, 0.99441838761352186, -0.0027389713279535634 ],
			[ 0.40333836471960877, -0.04026219243568567, 0.91416471131059507 ]
		],
		"fy": 3468.7269400261935,
		"fx": 3468.7269400261935,
		"fov_x": 57.930563741005479
	},
	{
		"id": 48,
		"img_name": "camera_0048",
		"width": 3840,
		"height": 2160,
		"position": [ 1.7858107325498178, 0.14046038770079997, -0.90379327042162894 ],
		"rotation": [
			[ 0.89453875375453396, -0.10190647783108348, -0.43521889642724415 ],
			[ 0.10960558959895121, 0.99394722381339984, -0.0074519126606274336 ],
			[ 0.43334401202734035, -0.04103639908298766, 0.90029383047444578 ]
		],
		"fy": 3472.9513127311138,
		"fx": 3472.9513127311138,
		"fov_x": 57.871489086390554
	},
	{
		"id": 49,
		"img_name": "camera_0049",
		"width": 3840,
		"height": 2160,
		"position": [ 1.8601339223167284, 0.1529913175168558, -0.86475031164925431 ],
		"rotation": [
			[ 0.87884803521160482, -0.10632621500808487, -0.46510307137962043 ],
			[ 0.11363889795637075, 0.99344498554134797, -0.012379885864277528 ],
			[ 0.46337062042814436, -0.041973762099739062, 0.88516996753122568 ]
		],
		"fy": 3477.2438105358428,
		"fx": 3477.2438105358428,
		"fov_x": 57.811574395159703
	},
	{
		"id": 50,
		"img_name": "camera_0050",
		"width": 3840,
		"height": 2160,
		"position": [ 1.9342157778449742, 0.16605525652387654, -0.82249199900838765 ],
		"rotation": [
			[ 0.86184870864667185, -0.11077576662506711, -0.49491972372566939 ],
			[ 0.11755902209418395, 0.99291128762245362, -0.017522877508573176 ],
			[ 0.49335249034369272, -0.043080209383775776, 0.8687620018342922 ]
		],
		"fy": 3481.6028921485313,
		"fx": 3481.6028921485313,
		"fov_x": 57.750846228970261
	},
	{
		"id": 51,
		"img_name": "camera_0051",
		"width": 3840,
		"height": 2160,
		"position": [ 2.0078801301424529, 0.17964937146329266, -0.77695190950690529 ],
		"rotation": [
			[ 0.84351275186761177, -0.11524670925302355, -0.52459930751296069 ],
			[ 0.12135169519339536, 0.99234584022564776, -0.022880110588509507 ],
			[ 0.52322079804841293, -0.044361350218430164, 0.85104175402642823 ]
		],
		"fy": 3486.0285575691769,
		"fx": 3486.0285575691769,
		"fov_x": 57.689309630905996
	},
	{
		"id": 52,
		"img_name": "camera_0052",
		"width": 3840,
		"height": 2160,
		"position": [ 2.080944793115926, 0.19376904257358757, -0.72807108731783909 ],
		"rotation": [
			[ 0.82381511592197365, -0.11973021404186884, -0.55406978858619726 ],
			[ 0.12500245290362055, 0.99174844508221649, -0.028450104482830595 ],
			[ 0.55290418839663646, -0.045822456530549768, 0.83198393069275245 ]
		],
		"fy": 3490.5192655059309,
		"fx": 3490.5192655059309,
		"fov_x": 57.626991066180196
	},
	{
		"id": 53,
		"img_name": "camera_0053",
		"width": 3840,
		"height": 2160,
		"position": [ 2.1532199602542277, 0.20840741924790165, -0.67579981050559157 ],
		"rotation": [
			[ 0.80273445398300614, -0.12421694134182848, -0.58325598828669223 ],
			[ 0.12849657900530115, 0.99111901524101298, -0.034230495345802574 ],
			[ 0.58232810817660152, -0.047468401188215263, 0.81156683354859638 ]
		],
		"fy": 3495.0743994420523,
		"fx": 3495.0743994420523,
		"fov_x": 57.563904087415082
	},
	{
		"id": 54,
		"img_name": "camera_0054",
		"width": 3840,
		"height": 2160,
		"position": [ 2.2245098029706067, 0.22355557509258678, -0.62009747490082656 ],
		"rotation": [
			[ 0.7802530720092985, -0.12869712855376694, -0.6120802175549116 ],
			[ 0.13181921015612161, 0.99045757127144574, -0.040218097231040487 ],
			[ 0.61141543933226683, -0.0493036369153875, 0.78977231651473256 ]
		],
		"fy": 3499.6930346024301,
		"fx": 3499.6930346024301,
		"fov_x": 57.500066483926425
	},
	{
		"id": 55,
		"img_name": "camera_0055",
		"width": 3840,
		"height": 2160,
		"position": [ 2.2946125426926653, 0.23920237296934679, -0.56093339887911331 ],
		"rotation": [
			[ 0.75635726094639533, -0.13316058574427037, -0.64046229570358715 ],
			[ 0.13495536567311717, 0.98976424881867531, -0.046408846532084776 ],
			[ 0.64008651219167367, -0.051332155269832418, 0.76658611176152436 ]
		],
		"fy": 3504.3742462119544,
		"fx": 3504.3742462119544,
		"fov_x": 57.435495987598664
	},
	{
		"id": 56,
		"img_name": "camera_0056",
		"width": 3840,
		"height": 2160,
		"position": [ 2.3633205923584097, 0.25533432151479901, -0.49828771578640457 ],
		"rotation": [
			[ 0.73103766447546414, -0.13759669367725849, -0.66831959645617578 ],
			[ 0.13788998453784165, 0.98903930685253871, -0.052797742989673109 ],
			[ 0.66825914530398511, -0.053557440096932175, 0.74199819091952723 ]
		],
		"fy": 3509.1174177538837,
		"fx": 3509.1174177538837,
		"fov_x": 57.370206030436016
	},
	{
		"id": 57,
		"img_name": "camera_0057",
		"width": 3840,
		"height": 2160,
		"position": [ 2.4304222506767328, 0.27193580087759089, -0.43215087241592776 ],
		"rotation": [
			[ 0.70428907727027068, -0.14199450260317292, -0.69556772270445977 ],
			[ 0.14060802639538489, 0.98828311966155435, -0.059378938229144668 ],
			[ 0.69584932172919844, -0.055982467099113711, 0.71600257319824712 ]
		],
		"fy": 3513.9213161947387,
		"fx": 3513.9213161947387,
		"fov_x": 57.304218475157192
	},
	{
		"id": 58,
		"img_name": "camera_0058",
		"width": 3840,
		"height": 2160,
		"position": [ 2.495700435949189, 0.28898857462236388, -0.36252584209821898 ],
		"rotation": [
			[ 0.67611135402527311, -0.14634263836788697, -0.72211998251927467 ],
			[ 0.14309445251596864, 0.9874962001779356, -0.066145538725554481 ],
			[ 0.72277065146370389, -0.058609613798970693, 0.68859821271411126 ]
		],
		"fy": 3518.785633276148,
		"fx": 3518.785633276148,
		"fov_x": 57.237542418271978
	},
	{
		"id": 59,
		"img_name": "camera_0059",
		"width": 3840,
		"height": 2160,
		"position": [ 2.5589345000070134, 0.30647202650831618, -0.28942761597624805 ],
		"rotation": [
			[ 0.64650920598831785, -0.15062940760783969, -0.74788811204355032 ],
			[ 0.14533433499592577, 0.9866791915552916, -0.073089698474464448 ],
			[ 0.74893509574838779, -0.061440658488556205, 0.65978880548312258 ]
		],
		"fy": 3523.7088277062621,
		"fx": 3523.7088277062621,
		"fov_x": 57.170203804521485
	},
	{
		"id": 60,
		"img_name": "camera_0060",
		"width": 3840,
		"height": 2160,
		"position": [ 2.6199003130838889, 0.32436296914172985, -0.21288434427057393 ],
		"rotation": [
			[ 0.61549267294570298, -0.15484278943193727, -0.77278229800577791 ],
			[ 0.1473128979092638, 0.98583287764203364, -0.080202540293945232 ],
			[ 0.77425298169250145, -0.064476723869655597, 0.62958325296922202 ]
		],
		"fy": 3528.6905912267098,
		"fx": 3528.6905912267098,
		"fov_x": 57.102211621086255
	},
	{
		"id": 61,
		"img_name": "camera_0061",
		"width": 3840,
		"height": 2160,
		"position": [ 2.6783720326169935, 0.34263593421856375, -0.13293649858968407 ],
		"rotation": [
			[ 0.58307678617162573, -0.15897054314176351, -0.79671188508831792 ],
			[ 0.14901561331630053, 0.98495817123136387, -0.087474270002863397 ],
			[ 0.79863371354816659, -0.067718293966843007, 0.59799533798056081 ]
		],
		"fy": 3533.7296908040107,
		"fx": 3533.7296908040107,
		"fov_x": 57.033587431176848
	},
	{
		"id": 62,
		"img_name": "camera_0062",
		"width": 3840,
		"height": 2160,
		"position": [ 2.7341212499531609, 0.36126267370862136, -0.049639341117104482 ],
		"rotation": [
			[ 0.54928258498099969, -0.16300013188515636, -0.81958501623810365 ],
			[ 0.15042821912826523, 0.98405613892399846, -0.094893974181139859 ],
			[ 0.82198539690586325, -0.071165106979571527, 0.56504471931175204 ]
		],
		"fy": 3538.825201663054,
		"fx": 3538.825201663054,
		"fov_x": 56.964348496536452
	},
	{
		"id": 63,
		"img_name": "camera_0063",
		"width": 3840,
		"height": 2160,
		"position": [ 2.7869188825041231, 0.38021246755921462, 0.036937955496758462 ],
		"rotation": [
			[ 0.51413676357589977, -0.16691883723864279, -0.84130939024511009 ],
			[ 0.15153682253979187, 0.9831279885978087, -0.10244974109372103 ],
			[ 0.84421560027888787, -0.074816173455519136, 0.53075659245574203 ]
		],
		"fy": 3543.9765072870991,
		"fx": 3543.9765072870991,
		"fov_x": 56.894507820669425
	},
	{
		"id": 64,
		"img_name": "camera_0064",
		"width": 3840,
		"height": 2160,
		"position": [ 2.8365357578509323, 0.3994520468903226, 0.12671159106786173 ],
		"rotation": [
			[ 0.47767197191586497, -0.17071378264613368, -0.86179248758657534 ],
			[ 0.15232796290658879, 0.98217507458600761, -0.1101286274258389 ],
			[ 0.86523157533849759, -0.078669735455376671, 0.49516198739467376 ]
		],
		"fy": 3549.1829911594068,
		"fx": 3549.1829911594068,
		"fov_x": 56.824078358442335
	},
	{
		"id": 65,
		"img_name": "camera_0065",
		"width": 3840,
		"height": 2160,
		"position": [ 2.8827433221423955, 0.41894552072176261, 0.21958238261878427 ],
		"rotation": [
			[ 0.43992713297399988, -0.17437196252595055, -0.88094184618402893 ],
			[ 0.15278868454841638, 0.9811989029432, -0.11791662621117185 ],
			[ 0.88494052655940736, -0.08272322254306351, 0.45829808302550168 ]
		],
		"fy": 3554.4431119881256,
		"fx": 3554.4431119881256,
		"fov_x": 56.753085480842877
	},
	{
		"id": 66,
		"img_name": "camera_0066",
		"width": 3840,
		"height": 2160,
		"position": [ 2.925315390716102, 0.43865475171083418, 0.31543710269666997 ],
		"rotation": [
			[ 0.40094690309418096, -0.17788035591252288, -0.8986657665003267 ],
			[ 0.15290661642194808, 0.98020111442585145, -0.12579881530726031 ],
			[ 0.90325032386021131, -0.086973296239438558, 0.4202076845890258 ]
		],
		"fy": 3559.7562532565139,
		"fx": 3559.7562532565139,
		"fov_x": 56.681541952754699
	},
	{
		"id": 67,
		"img_name": "camera_0067",
		"width": 3840,
		"height": 2160,
		"position": [ 2.9640279142678385, 0.4585388745912406, 0.41414581783326576 ],
		"rotation": [
			[ 0.36078277101144623, -0.18122587832245945, -0.91487320059533683 ],
			[ 0.15267003951232921, 0.97918350981504265, -0.13375916096327103 ],
			[ 0.92006937302390734, -0.091415726943166201, 0.38094030200393114 ]
		],
		"fy": 3565.1221067062038,
		"fx": 3565.1221067062038,
		"fov_x": 56.60945634673552
	},
	{
		"id": 68,
		"img_name": "camera_0068",
		"width": 3840,
		"height": 2160,
		"position": [ 2.9986608411056777, 0.47855469684112123, 0.51556331778983799 ],
		"rotation": [
			[ 0.31949248207757797, -0.18439550195170287, -0.9294745035534262 ],
			[ 0.15206797167225225, 0.97814803167240871, -0.14178067614057849 ],
			[ 0.93530737508446693, -0.09604544234565246, 0.34055159244559752 ]
		],
		"fy": 3570.5388227869726,
		"fx": 3570.5388227869726,
		"fov_x": 56.536857849524985
	},
	{
		"id": 69,
		"img_name": "camera_0069",
		"width": 3840,
		"height": 2160,
		"position": [ 3.0289989711965508, 0.49865668052065543, 0.61952860891091954 ],
		"rotation": [
			[ 0.27714025570736933, -0.18737629490677563, -0.94238177124425704 ],
			[ 0.1510902432847622, 0.97709676663808098, -0.14984541037201957 ],
			[ 0.94887565942572549, -0.10085649573734269, 0.29910357774018359 ]
		],
		"fy": 3576.0064014988207,
		"fx": 3576.0064014988207,
		"fov_x": 56.463750730886808
	},
	{
		"id": 70,
		"img_name": "camera_0070",
		"width": 3840,
		"height": 2160,
		"position": [ 3.0548329480453251, 0.5187969351361903, 0.7258644060455155 ],
		"rotation": [
			[ 0.23379700413270987, -0.19015546707260714, -0.95350923393586939 ],
			[ 0.1497275826864137, 0.97603194744130528, -0.15793444385825431 ],
			[ 0.9606875724404127, -0.10584203284296631, 0.25666486366897912 ]
		],
		"fy": 3581.5236098082669,
		"fx": 3581.5236098082669,
		"fov_x": 56.390155704790601
	},
	{
		"id": 71,
		"img_name": "camera_0071",
		"width": 3840,
		"height": 2160,
		"position": [ 3.075960824921375, 0.53892567778805622, 0.83437905931399503 ],
		"rotation": [
			[ 0.18953955447090876, -0.19272048060208369, -0.96277389539157721 ],
			[ 0.1479716663856796, 0.97495593024062044, -0.16602807002338951 ],
			[ 0.97065912824122491, -0.1109943712318255, 0.213309883307917 ]
		],
		"fy": 3587.0892146818323,
		"fx": 3587.0892146818323,
		"fov_x": 56.316093342470566
	},
	{
		"id": 72,
		"img_name": "camera_0072",
		"width": 3840,
		"height": 2160,
		"position": [ 3.0921885104318005, 0.55899079652158645, 0.94486376812750439 ],
		"rotation": [
			[ 0.14445179618159798, -0.19505903631486926, -0.97009569163656462 ],
			[ 0.14581523393105827, 0.97387121922678177, -0.17410561712757069 ],
			[ 0.97870914787465879, -0.11630486109211427, 0.16912002587749086 ]
		],
		"fy": 3592.7032161195148,
		"fx": 3592.7032161195148,
		"fov_x": 56.241567721135596
	},
	{
		"id": 73,
		"img_name": "camera_0073",
		"width": 3840,
		"height": 2160,
		"position": [ 3.103331425997145, 0.57893835300186314, 1.0570947882601671 ],
		"rotation": [
			[ 0.098623796719609746, -0.19715918761056828, -0.97539817585504551 ],
			[ 0.14325214136219755, 0.97278044151484877, -0.18214564667134067 ],
			[ 0.9847599558855723, -0.12176398214134036, 0.12418277633121788 ]
		],
		"fy": 3598.3640728294654,
		"fx": 3598.3640728294654,
		"fov_x": 56.166603315698552
	},
	{
		"id": 74,
		"img_name": "camera_0074",
		"width": 3840,
		"height": 2160,
		"position": [ 3.1092155436461399, 0.59871262657353475, 1.1708331341129574 ],
		"rotation": [
			[ 0.052151928954302103, -0.19900939333739054, -0.97860892989479165 ],
			[ 0.14027743954415317, 0.97168634640784457, -0.19012596918756444 ],
			[ 0.98873778943726132, -0.1273613189632474, 0.078591845446331687 ]
		],
		"fy": 3604.0708600365715,
		"fx": 3604.0708600365715,
		"fov_x": 56.091216277367408
	},
	{
		"id": 75,
		"img_name": "camera_0075",
		"width": 3840,
		"height": 2160,
		"position": [ 3.1096785752731573, 0.61825618890325296, 1.2858244640095504 ],
		"rotation": [
			[ 0.0051389319408862155, -0.20059857606608009, -0.97966004443315324 ],
			[ 0.13688746281906619, 0.97059180310933213, -0.19802367095863593 ],
			[ 0.99057327538222306, -0.13308554773992717, 0.032447235341364067 ]
		],
		"fy": 3609.8232694824646,
		"fx": 3609.8232694824646,
		"fov_x": 56.015414531748867
	},
	{
		"id": 76,
		"img_name": "camera_0076",
		"width": 3840,
		"height": 2160,
		"position": [ 3.104571143504836, 0.63751042751365139, 1.401801542125892 ],
		"rotation": [
			[ -0.042307088420874273, -0.20191621872228815, -0.97848860539417726 ],
			[ 0.13307983458416978, 0.96949977325948766, -0.20581532323141519 ],
			[ 0.99020193288863989, -0.13892454882667432, -0.014145735643883439 ]
		],
		"fy": 3615.6197598752924,
		"fx": 3615.6197598752924,
		"fov_x": 55.939222159578584
	},
	{
		"id": 77,
		"img_name": "camera_0077",
		"width": 3840,
		"height": 2160,
		"position": [ 3.0937579820553158, 0.65641512587593853, 1.5184812565390686 ],
		"rotation": [
			[ -0.090071421923830997, -0.202952379348351, -0.97503716373759941 ],
			[ 0.12885364595247609, 0.96841333641058003, -0.21347680854575934 ],
			[ 0.98756461908949178, -0.14486525318022908, -0.06107521218673706 ]
		],
		"fy": 3621.4600229566859,
		"fx": 3621.4600229566859,
		"fov_x": 55.862646898815697
	},
	{
		"id": 78,
		"img_name": "camera_0078",
		"width": 3840,
		"height": 2160,
		"position": [ 3.0771188437946235, 0.67490943875472298, 1.6355698052973577 ],
		"rotation": [
			[ -0.13803487342779097, -0.20369781442113377, -0.96925413288663753 ],
			[ 0.12420935778641745, 0.9673356365047322, -0.22098371384848853 ],
			[ 0.98260796310433984, -0.15089389234835937, -0.10822487743537647 ]
		],
		"fy": 3627.3431339515337,
		"fx": 3627.3431339515337,
		"fov_x": 55.785704505326301
	},
	{
		"id": 79,
		"img_name": "camera_0079",
		"width": 3840,
		"height": 2160,
		"position": [ 3.0545503029841115, 0.69293110332559327, 1.7527573074414351 ],
		"rotation": [
			[ -0.18607153431791557, -0.20414398556363017, -0.96109448925419083 ],
			[ 0.11914909720761285, 0.96626992971640169, -0.22831100621842762 ],
			[ 0.9752850233399406, -0.15699571995457848, -0.15547175680732495 ]
		],
		"fy": 3633.2678598263565,
		"fx": 3633.2678598263565,
		"fov_x": 55.708414633321851
	},
	{
		"id": 80,
		"img_name": "camera_0080",
		"width": 3840,
		"height": 2160,
		"position": [ 3.0259657346336981, 0.71041791058367065, 1.8697262814462023 ],
		"rotation": [
			[ -0.2340522580226565, -0.20428318475682783, -0.95051981617434111 ],
			[ 0.113676391750068, 0.96521950058164119, -0.23543362898195302 ],
			[ 0.96555539378804189, -0.16315543546733152, -0.20268962826026526 ]
		],
		"fy": 3639.2335840644123,
		"fx": 3639.2335840644123,
		"fov_x": 55.630788764684254
	},
	{
		"id": 81,
		"img_name": "camera_0081",
		"width": 3840,
		"height": 2160,
		"position": [ 2.9912979262202737, 0.72730665745389445, 1.9861443843898643 ],
		"rotation": [
			[ -0.2818416596454778, -0.20410855115955001, -0.93749932172339845 ],
			[ 0.10779658143499846, 0.96418772667199915, -0.24232607116447449 ],
			[ 0.95338616306259172, -0.16935680405177578, -0.24974606503838648 ]
		],
		"fy": 3645.2393818905912,
		"fx": 3645.2393818905912,
		"fov_x": 55.552842297228963
	},
	{
		"id": 82,
		"img_name": "camera_0082",
		"width": 3840,
		"height": 2160,
