[
  {
    "id": 1,
    "img_name": "circle_0001",
    "width": 4071,
    "height": 2195,
    "position": [
      -3.689805,
      -0.014746,
      0.167645
    ],
    "rotation": [
      [
        -0.035599,
        0.142862,
        0.989102
      ],
      [
        -0.17792,
        0.973012,
        -0.146941
      ],
      [
        -0.983401,
        -0.181212,
        -0.00922
      ]
    ],
    "fy": 3472.815696,
    "fx": 3472.815696
  },
  {
    "id": 2,
    "img_name": "circle_0002",
    "width": 4071,
    "height": 2195,
    "position": [
      -3.687552,
      -0.002339,
      0.24501
    ],
    "rotation": [
      [
        -0.056241,
        0.142397,
        0.988211
      ],
      [
        -0.178058,
        0.972479,
        -0.150263
      ],
      [
        -0.982411,
        -0.18441,
        -0.029339
      ]
    ],
    "fy": 3472.191835,
    "fx": 3472.191835
  },
  {
    "id": 3,
    "img_name": "circle_0003",
    "width": 4071,
    "height": 2195,
    "position": [
      -3.683659,
      0.010075,
      0.322308
    ],
    "rotation": [
      [
        -0.076859,
        0.141863,
        0.986898
      ],
      [
        -0.178129,
        0.971947,
        -0.153586
      ],
      [
        -0.981001,
        -0.187599,
        -0.049434
      ]
    ],
    "fy": 3471.567974,
    "fx": 3471.567974
  },
  {
    "id": 4,
    "img_name": "circle_0004",
    "width": 4071,
    "height": 2195,
    "position": [
      -3.678128,
      0.022489,
      0.399508
    ],
    "rotation": [
      [
        -0.097445,
        0.14126,
        0.985165
      ],
      [
        -0.178131,
        0.971416,
        -0.156908
      ],
      [
        -0.97917,
        -0.190779,
        -0.069496
      ]
    ],
    "fy": 3470.944113,
    "fx": 3470.944113
  },
  {
    "id": 5,
    "img_name": "circle_0005",
    "width": 4071,
    "height": 2195,
    "position": [
      -3.67096,
      0.034899,
      0.476574
    ],
    "rotation": [
      [
        -0.117988,
        0.140589,
        0.983013
      ],
      [
        -0.178067,
        0.970886,
        -0.160227
      ],
      [
        -0.976919,
        -0.193947,
        -0.089519
      ]
    ],
    "fy": 3470.320252,
    "fx": 3470.320252
  },
  {
    "id": 6,
    "img_name": "circle_0006",
    "width": 4072,
    "height": 2195,
    "position": [
      -3.662158,
      0.0473,
      0.553474
    ],
    "rotation": [
      [
        -0.138481,
        0.13985,
        0.980441
      ],
      [
        -0.177935,
        0.970357,
        -0.163544
      ],
      [
        -0.97425,
        -0.197102,
        -0.109492
      ]
    ],
    "fy": 3469.696392,
    "fx": 3469.696392
  },
  {
    "id": 7,
    "img_name": "circle_0007",
    "width": 4072,
    "height": 2195,
    "position": [
      -3.651728,
      0.059685,
      0.630172
    ],
    "rotation": [
      [
        -0.158914,
        0.139043,
        0.977453
      ],
      [
        -0.177735,
        0.96983,
        -0.166855
      ],
      [
        -0.971163,
        -0.200243,
        -0.129407
      ]
    ],
    "fy": 3469.072531,
    "fx": 3469.072531
  },
  {
    "id": 8,
    "img_name": "circle_0008",
    "width": 4072,
    "height": 2195,
    "position": [
      -3.639673,
      0.072049,
      0.706636
    ],
    "rotation": [
      [
        -0.179279,
        0.138168,
        0.974047
      ],
      [
        -0.177468,
        0.969304,
        -0.170159
      ],
      [
        -0.967659,
        -0.203368,
        -0.149256
      ]
    ],
    "fy": 3468.44867,
    "fx": 3468.44867
  },
  {
    "id": 9,
    "img_name": "circle_0009",
    "width": 4072,
    "height": 2195,
    "position": [
      -3.625998,
      0.084387,
      0.782833
    ],
    "rotation": [
      [
        -0.199568,
        0.137226,
        0.970228
      ],
      [
        -0.177134,
        0.968781,
        -0.173457
      ],
      [
        -0.963741,
        -0.206476,
        -0.16903
      ]
    ],
    "fy": 3467.824809,
    "fx": 3467.824809
  },
  {
    "id": 10,
    "img_name": "circle_0010",
    "width": 4072,
    "height": 2195,
    "position": [
      -3.610709,
      0.096694,
      0.858728
    ],
    "rotation": [
      [
        -0.219771,
        0.136217,
        0.965995
      ],
      [
        -0.176733,
        0.96826,
        -0.176745
      ],
      [
        -0.959409,
        -0.209566,
        -0.188722
      ]
    ],
    "fy": 3467.200948,
    "fx": 3467.200948
  },
  {
    "id": 11,
    "img_name": "circle_0011",
    "width": 4072,
    "height": 2195,
    "position": [
      -3.593814,
      0.108964,
      0.934288
    ],
    "rotation": [
      [
        -0.23988,
        0.135141,
        0.96135
      ],
      [
        -0.176265,
        0.967741,
        -0.180022
      ],
      [
        -0.954667,
        -0.212636,
        -0.208322
      ]
    ],
    "fy": 3466.577087,
    "fx": 3466.577087
  },
  {
    "id": 12,
    "img_name": "circle_0012",
    "width": 4072,
    "height": 2195,
    "position": [
      -3.575319,
      0.121191,
      1.00948
    ],
    "rotation": [
      [
        -0.259887,
        0.134,
        0.956296
      ],
      [
        -0.17573,
        0.967225,
        -0.183288
      ],
      [
        -0.949514,
        -0.215684,
        -0.227821
      ]
    ],
    "fy": 3465.953226,
    "fx": 3465.953226
  },
  {
    "id": 13,
    "img_name": "circle_0013",
    "width": 4072,
    "height": 2195,
    "position": [
      -3.555232,
      0.133371,
      1.084272
    ],
    "rotation": [
      [
        -0.279782,
        0.132792,
        0.950836
      ],
      [
        -0.175129,
        0.966712,
        -0.186541
      ],
      [
        -0.943955,
        -0.21871,
        -0.247213
      ]
    ],
    "fy": 3465.329365,
    "fx": 3465.329365
  },
  {
    "id": 14,
    "img_name": "circle_0014",
    "width": 4072,
    "height": 2195,
    "position": [
      -3.533563,
      0.145498,
      1.15863
    ],
    "rotation": [
      [
        -0.299558,
        0.131519,
        0.94497
      ],
      [
        -0.174463,
        0.966202,
        -0.189779
      ],
      [
        -0.937991,
        -0.221712,
        -0.266488
      ]
    ],
    "fy": 3464.705505,
    "fx": 3464.705505
  },
  {
    "id": 15,
    "img_name": "circle_0015",
    "width": 4072,
    "height": 2195,
    "position": [
      -3.510321,
      0.157566,
      1.232522
    ],
    "rotation": [
      [
        -0.319205,
        0.130181,
        0.938702
      ],
      [
        -0.17373,
        0.965696,
        -0.193001
      ],
      [
        -0.931625,
        -0.224688,
        -0.285639
      ]
    ],
    "fy": 3464.081644,
    "fx": 3464.081644
  },
  {
    "id": 16,
    "img_name": "circle_0016",
    "width": 4073,
    "height": 2195,
    "position": [
      -3.485516,
      0.169571,
      1.305915
    ],
    "rotation": [
      [
        -0.338716,
        0.128779,
        0.932034
      ],
      [
        -0.172932,
        0.965193,
        -0.196207
      ],
      [
        -0.92486,
        -0.227637,
        -0.304657
      ]
    ],
    "fy": 3463.457783,
    "fx": 3463.457783
  },
  {
    "id": 17,
    "img_name": "circle_0017",
    "width": 4073,
    "height": 2195,
    "position": [
      -3.459158,
      0.181506,
      1.378777
    ],
    "rotation": [
      [
        -0.358082,
        0.127313,
        0.924969
      ],
      [
        -0.17207,
        0.964694,
        -0.199393
      ],
      [
        -0.917698,
        -0.230558,
        -0.323533
      ]
    ],
    "fy": 3462.833922,
    "fx": 3462.833922
  },
  {
    "id": 18,
    "img_name": "circle_0018",
    "width": 4073,
    "height": 2195,
    "position": [
      -3.43126,
      0.193368,
      1.451076
    ],
    "rotation": [
      [
        -0.377295,
        0.125783,
        0.917511
      ],
      [
        -0.171142,
        0.964199,
        -0.20256
      ],
      [
        -0.910142,
        -0.23345,
        -0.342261
      ]
    ],
    "fy": 3462.210061,
    "fx": 3462.210061
  },
  {
    "id": 19,
    "img_name": "circle_0019",
    "width": 4073,
    "height": 2195,
    "position": [
      -3.401834,
      0.20515,
      1.522781
    ],
    "rotation": [
      [
        -0.396347,
        0.124192,
        0.909662
      ],
      [
        -0.170151,
        0.963708,
        -0.205706
      ],
      [
        -0.902196,
        -0.236311,
        -0.360831
      ]
    ],
    "fy": 3461.5862,
    "fx": 3461.5862
  },
  {
    "id": 20,
    "img_name": "circle_0020",
    "width": 4073,
    "height": 2195,
    "position": [
      -3.370891,
      0.216848,
      1.59386
    ],
    "rotation": [
      [
        -0.415229,
        0.122538,
        0.901426
      ],
      [
        -0.169096,
        0.963222,
        -0.20883
      ],
      [
        -0.893863,
        -0.239139,
        -0.379237
      ]
    ],
    "fy": 3460.962339,
    "fx": 3460.962339
  },
  {
    "id": 21,
    "img_name": "circle_0021",
    "width": 4073,
    "height": 2195,
    "position": [
      -3.338447,
      0.228456,
      1.664282
    ],
    "rotation": [
      [
        -0.433933,
        0.120823,
        0.892807
      ],
      [
        -0.167978,
        0.962741,
        -0.211929
      ],
      [
        -0.885147,
        -0.241935,
        -0.39747
      ]
    ],
    "fy": 3460.338478,
    "fx": 3460.338478
  },
  {
    "id": 22,
    "img_name": "circle_0022",
    "width": 4073,
    "height": 2195,
    "position": [
      -3.304515,
      0.239969,
      1.734015
    ],
    "rotation": [
      [
        -0.452452,
        0.119047,
        0.883807
      ],
      [
        -0.166797,
        0.962264,
        -0.215004
      ],
      [
        -0.876051,
        -0.244695,
        -0.415522
      ]
    ],
    "fy": 3459.714617,
    "fx": 3459.714617
  },
  {
    "id": 23,
    "img_name": "circle_0023",
    "width": 4073,
    "height": 2195,
    "position": [
      -3.26911,
      0.251383,
      1.80303
    ],
    "rotation": [
      [
        -0.470778,
        0.117211,
        0.874431
      ],
      [
        -0.165554,
        0.961793,
        -0.218052
      ],
      [
        -0.86658,
        -0.247419,
        -0.433386
      ]
    ],
    "fy": 3459.090757,
    "fx": 3459.090757
  },
  {
    "id": 24,
    "img_name": "circle_0024",
    "width": 4073,
    "height": 2195,
    "position": [
      -3.232248,
      0.262691,
      1.871296
    ],
    "rotation": [
      [
        -0.488902,
        0.115316,
        0.864683
      ],
      [
        -0.164249,
        0.961327,
        -0.221073
      ],
      [
        -0.856736,
        -0.250106,
        -0.451054
      ]
    ],
    "fy": 3458.466896,
    "fx": 3458.466896
  },
  {
    "id": 25,
    "img_name": "circle_0025",
    "width": 4073,
    "height": 2195,
    "position": [
      -3.193944,
      0.27389,
      1.938783
    ],
    "rotation": [
      [
        -0.506817,
        0.113363,
        0.854567
      ],
      [
        -0.162883,
        0.960866,
        -0.224065
      ],
      [
        -0.846526,
        -0.252755,
        -0.468518
      ]
    ],
    "fy": 3457.843035,
    "fx": 3457.843035
  },
  {
    "id": 26,
    "img_name": "circle_0026",
    "width": 4074,
    "height": 2195,
    "position": [
      -3.154216,
      0.284975,
      2.005461
    ],
    "rotation": [
      [
        -0.524515,
        0.111353,
        0.844088
      ],
      [
        -0.161458,
        0.960411,
        -0.227027
      ],
      [
        -0.835952,
        -0.255364,
        -0.485772
      ]
    ],
    "fy": 3457.219174,
    "fx": 3457.219174
  },
  {
    "id": 27,
    "img_name": "circle_0027",
    "width": 4074,
    "height": 2195,
    "position": [
      -3.11308,
      0.295939,
      2.071301
    ],
    "rotation": [
      [
        -0.541989,
        0.109285,
        0.833249
      ],
      [
        -0.159972,
        0.959963,
        -0.229958
      ],
      [
        -0.825019,
        -0.257931,
        -0.502807
      ]
    ],
    "fy": 3456.595313,
    "fx": 3456.595313
  },
  {
    "id": 28,
    "img_name": "circle_0028",
    "width": 4074,
    "height": 2195,
    "position": [
      -3.070555,
      0.30678,
      2.136275
    ],
    "rotation": [
      [
        -0.559232,
        0.107162,
        0.822056
      ],
      [
        -0.158427,
        0.95952,
        -0.232857
      ],
      [
        -0.813733,
        -0.260457,
        -0.519617
      ]
    ],
    "fy": 3455.971452,
    "fx": 3455.971452
  },
  {
    "id": 29,
    "img_name": "circle_0029",
    "width": 4074,
    "height": 2195,
    "position": [
      -3.02666,
      0.317491,
      2.200353
    ],
    "rotation": [
      [
        -0.576235,
        0.104983,
        0.810513
      ],
      [
        -0.156824,
        0.959084,
        -0.235721
      ],
      [
        -0.802097,
        -0.262939,
        -0.536194
      ]
    ],
    "fy": 3455.347591,
    "fx": 3455.347591
  },
  {
    "id": 30,
    "img_name": "circle_0030",
    "width": 4074,
    "height": 2195,
    "position": [
      -2.981414,
      0.328068,
      2.263508
    ],
    "rotation": [
      [
        -0.592992,
        0.102751,
        0.798626
      ],
      [
        -0.155164,
        0.958654,
        -0.238551
      ],
      [
        -0.790117,
        -0.265377,
        -0.552531
      ]
    ],
    "fy": 3454.72373,
    "fx": 3454.72373
  },
  {
    "id": 31,
    "img_name": "circle_0031",
    "width": 4074,
    "height": 2195,
    "position": [
      -2.934836,
      0.338507,
      2.325712
    ],
    "rotation": [
      [
        -0.609495,
        0.100465,
        0.786398
      ],
      [
        -0.153446,
        0.958231,
        -0.241345
      ],
      [
        -0.777798,
        -0.267769,
        -0.568621
      ]
    ],
    "fy": 3454.09987,
    "fx": 3454.09987
  },
  {
    "id": 32,
    "img_name": "circle_0032",
    "width": 4074,
    "height": 2195,
    "position": [
      -2.886946,
      0.348803,
      2.386938
    ],
    "rotation": [
      [
        -0.625738,
        0.098127,
        0.773837
      ],
      [
        -0.151673,
        0.957815,
        -0.244102
      ],
      [
        -0.765145,
        -0.270114,
        -0.584458
      ]
    ],
    "fy": 3453.476009,
    "fx": 3453.476009
  },
  {
    "id": 33,
    "img_name": "circle_0033",
    "width": 4074,
    "height": 2195,
    "position": [
      -2.837767,
      0.358951,
      2.447158
    ],
    "rotation": [
      [
        -0.641713,
        0.095738,
        0.760946
      ],
      [
        -0.149844,
        0.957406,
        -0.24682
      ],
      [
        -0.752164,
        -0.272411,
        -0.600034
      ]
    ],
    "fy": 3452.852148,
    "fx": 3452.852148
  },
  {
    "id": 34,
    "img_name": "circle_0034",
    "width": 4074,
    "height": 2195,
    "position": [
      -2.78732,
      0.368947,
      2.506347
    ],
    "rotation": [
      [
        -0.657414,
        0.093298,
        0.747731
      ],
      [
        -0.14796,
        0.957005,
        -0.249499
      ],
      [
        -0.73886,
        -0.274659,
        -0.615344
      ]
    ],
    "fy": 3452.228287,
    "fx": 3452.228287
  },
  {
    "id": 35,
    "img_name": "circle_0035",
    "width": 4074,
    "height": 2195,
    "position": [
      -2.735625,
      0.378787,
      2.564477
    ],
    "rotation": [
      [
        -0.672834,
        0.09081,
        0.734199
      ],
      [
        -0.146023,
        0.956611,
        -0.252137
      ],
      [
        -0.725239,
        -0.276857,
        -0.63038
      ]
    ],
    "fy": 3451.604426,
    "fx": 3451.604426
  },
  {
    "id": 36,
    "img_name": "circle_0036",
    "width": 4075,
    "height": 2195,
    "position": [
      -2.682707,
      0.388466,
      2.621525
    ],
    "rotation": [
      [
        -0.687966,
        0.088273,
        0.720354
      ],
      [
        -0.144034,
        0.956224,
        -0.254734
      ],
      [
        -0.711306,
        -0.279004,
        -0.645136
      ]
    ],
    "fy": 3450.980565,
    "fx": 3450.980565
  },
  {
    "id": 37,
    "img_name": "circle_0037",
    "width": 4075,
    "height": 2195,
    "position": [
      -2.628589,
      0.397981,
      2.677464
    ],
    "rotation": [
      [
        -0.702804,
        0.085689,
        0.706204
      ],
      [
        -0.141992,
        0.955846,
        -0.257288
      ],
      [
        -0.697068,
        -0.281099,
        -0.659605
      ]
    ],
    "fy": 3450.356704,
    "fx": 3450.356704
  },
  {
    "id": 38,
    "img_name": "circle_0038",
    "width": 4075,
    "height": 2195,
    "position": [
      -2.573293,
      0.407326,
      2.732271
    ],
    "rotation": [
      [
        -0.717342,
        0.083059,
        0.691753
      ],
      [
        -0.139899,
        0.955475,
        -0.259799
      ],
      [
        -0.682531,
        -0.28314,
        -0.673783
      ]
    ],
    "fy": 3449.732843,
    "fx": 3449.732843
  },
  {
    "id": 39,
    "img_name": "circle_0039",
    "width": 4075,
    "height": 2196,
    "position": [
      -2.516845,
      0.416497,
      2.78592
    ],
    "rotation": [
      [
        -0.731573,
        0.080384,
        0.677008
      ],
      [
        -0.137756,
        0.955113,
        -0.262265
      ],
      [
        -0.667701,
        -0.285128,
        -0.687661
      ]
    ],
    "fy": 3449.108983,
    "fx": 3449.108983
  },
  {
    "id": 40,
    "img_name": "circle_0040",
    "width": 4075,
    "height": 2196,
    "position": [
      -2.459269,
      0.425492,
      2.83839
    ],
    "rotation": [
      [
        -0.745491,
        0.077666,
        0.661975
      ],
      [
        -0.135564,
        0.954759,
        -0.264684
      ],
      [
        -0.652583,
        -0.28706,
        -0.701236
      ]
    ],
    "fy": 3448.485122,
    "fx": 3448.485122
  },
  {
    "id": 41,
    "img_name": "circle_0041",
    "width": 4075,
    "height": 2196,
    "position": [
      -2.40059,
      0.434305,
      2.889655
    ],
    "rotation": [
      [
        -0.759091,
        0.074905,
        0.646661
      ],
      [
        -0.133324,
        0.954413,
        -0.267058
      ],
      [
        -0.637186,
        -0.288937,
        -0.7145
      ]
    ],
    "fy": 3447.861261,
    "fx": 3447.861261
  },
  {
    "id": 42,
    "img_name": "circle_0042",
    "width": 4075,
    "height": 2196,
    "position": [
      -2.340835,
      0.442933,
      2.939695
    ],
    "rotation": [
      [
        -0.772366,
        0.072103,
        0.631072
      ],
      [
        -0.131037,
        0.954077,
        -0.269383
      ],
      [
        -0.621514,
        -0.290756,
        -0.727448
      ]
    ],
    "fy": 3447.2374,
    "fx": 3447.2374
  },
  {
    "id": 43,
    "img_name": "circle_0043",
    "width": 4075,
    "height": 2196,
    "position": [
      -2.280028,
      0.451372,
      2.988487
    ],
    "rotation": [
      [
        -0.785311,
        0.06926,
        0.615215
      ],
      [
        -0.128704,
        0.953749,
        -0.27166
      ],
      [
        -0.605576,
        -0.292518,
        -0.740075
      ]
    ],
    "fy": 3446.613539,
    "fx": 3446.613539
  },
  {
    "id": 44,
    "img_name": "circle_0044",
    "width": 4075,
    "height": 2196,
    "position": [
      -2.218198,
      0.459619,
      3.036009
    ],
    "rotation": [
      [
        -0.79792,
        0.066378,
        0.599097
      ],
      [
        -0.126325,
        0.95343,
        -0.273887
      ],
      [
        -0.589377,
        -0.294221,
        -0.752375
      ]
    ],
    "fy": 3445.989678,
    "fx": 3445.989678
  },
  {
    "id": 45,
    "img_name": "circle_0045",
    "width": 4075,
    "height": 2196,
    "position": [
      -2.15537,
      0.467669,
      3.082241
    ],
    "rotation": [
      [
        -0.810188,
        0.063459,
        0.582725
      ],
      [
        -0.123903,
        0.95312,
        -0.276063
      ],
      [
        -0.572925,
        -0.295864,
        -0.764344
      ]
    ],
    "fy": 3445.365817,
    "fx": 3445.365817
  },
  {
    "id": 46,
    "img_name": "circle_0046",
    "width": 4076,
    "height": 2196,
    "position": [
      -2.091573,
      0.47552,
      3.127163
    ],
    "rotation": [
      [
        -0.82211,
        0.060503,
        0.566104
      ],
      [
        -0.121437,
        0.952819,
        -0.278188
      ],
      [
        -0.556227,
        -0.297448,
        -0.775975
      ]
    ],
    "fy": 3444.741956,
    "fx": 3444.741956
  },
  {
    "id": 47,
    "img_name": "circle_0047",
    "width": 4076,
    "height": 2196,
    "position": [
      -2.026834,
      0.483167,
      3.170754
    ],
    "rotation": [
      [
        -0.833681,
        0.057512,
        0.549244
      ],
      [
        -0.11893,
        0.952528,
        -0.280261
      ],
      [
        -0.539289,
        -0.29897,
        -0.787264
      ]
    ],
    "fy": 3444.118096,
    "fx": 3444.118096
  },
  {
    "id": 48,
    "img_name": "circle_0048",
    "width": 4076,
    "height": 2196,
    "position": [
      -1.961182,
      0.490608,
      3.212996
    ],
    "rotation": [
      [
        -0.844895,
        0.054488,
        0.532151
      ],
      [
        -0.116382,
        0.952246,
        -0.282281
      ],
      [
        -0.522119,
        -0.30043,
        -0.798206
      ]
    ],
    "fy": 3443.494235,
    "fx": 3443.494235
  },
  {
    "id": 49,
    "img_name": "circle_0049",
    "width": 4076,
    "height": 2196,
    "position": [
      -1.894646,
      0.497839,
      3.253869
    ],
    "rotation": [
      [
        -0.855747,
        0.05143,
        0.514831
      ],
      [
        -0.113794,
        0.951974,
        -0.284247
      ],
      [
        -0.504725,
        -0.301828,
        -0.808797
      ]
    ],
    "fy": 3442.870374,
    "fx": 3442.870374
  },
  {
    "id": 50,
    "img_name": "circle_0050",
    "width": 4076,
    "height": 2196,
    "position": [
      -1.827254,
      0.504857,
      3.293357
    ],
    "rotation": [
      [
        -0.866235,
        0.048342,
        0.497294
      ],
      [
        -0.111167,
        0.951712,
        -0.286158
      ],
      [
        -0.487113,
        -0.303162,
        -0.819032
      ]
    ],
    "fy": 3442.246513,
    "fx": 3442.246513
  },
  {
    "id": 51,
    "img_name": "circle_0051",
    "width": 4076,
    "height": 2196,
    "position": [
      -1.759037,
      0.511659,
      3.331442
    ],
    "rotation": [
      [
        -0.876351,
        0.045223,
        0.479545
      ],
      [
        -0.108504,
        0.95146,
        -0.288013
      ],
      [
        -0.469292,
        -0.304433,
        -0.828906
      ]
    ],
    "fy": 3441.622652,
    "fx": 3441.622652
  },
  {
    "id": 52,
    "img_name": "circle_0052",
    "width": 4076,
    "height": 2196,
    "position": [
      -1.690024,
      0.518242,
      3.368106
    ],
    "rotation": [
      [
        -0.886094,
        0.042076,
        0.461593
      ],
      [
        -0.105804,
        0.951217,
        -0.289812
      ],
      [
        -0.451269,
        -0.305639,
        -0.838416
      ]
    ],
    "fy": 3440.998791,
    "fx": 3440.998791
  },
  {
    "id": 53,
    "img_name": "circle_0053",
    "width": 4076,
    "height": 2196,
    "position": [
      -1.620246,
      0.524603,
      3.403334
    ],
    "rotation": [
      [
        -0.895457,
        0.038901,
        0.443445
      ],
      [
        -0.103069,
        0.950985,
        -0.291554
      ],
      [
        -0.433051,
        -0.30678,
        -0.847557
      ]
    ],
    "fy": 3440.37493,
    "fx": 3440.37493
  },
  {
    "id": 54,
    "img_name": "circle_0054",
    "width": 4076,
    "height": 2196,
    "position": [
      -1.549733,
      0.530739,
      3.437111
    ],
    "rotation": [
      [
        -0.904438,
        0.035701,
        0.425109
      ],
      [
        -0.1003,
        0.950763,
        -0.293239
      ],
      [
        -0.414647,
        -0.307855,
        -0.856325
      ]
    ],
    "fy": 3439.751069,
    "fx": 3439.751069
  },
  {
    "id": 55,
    "img_name": "circle_0055",
    "width": 4076,
    "height": 2196,
    "position": [
      -1.478516,
      0.536648,
      3.469421
    ],
    "rotation": [
      [
        -0.913032,
        0.032477,
        0.406593
      ],
      [
        -0.097499,
        0.950552,
        -0.294865
      ],
      [
        -0.396064,
        -0.308863,
        -0.864718
      ]
    ],
    "fy": 3439.127208,
    "fx": 3439.127208
  },
  {
    "id": 56,
    "img_name": "circle_0056",
    "width": 4077,
    "height": 2196,
    "position": [
      -1.406626,
      0.542327,
      3.500251
    ],
    "rotation": [
      [
        -0.921236,
        0.029229,
        0.387905
      ],
      [
        -0.094666,
        0.950351,
        -0.296432
      ],
      [
        -0.37731,
        -0.309805,
        -0.87273
      ]
    ],
    "fy": 3438.503348,
    "fx": 3438.503348
  },
  {
    "id": 57,
    "img_name": "circle_0057",
    "width": 4077,
    "height": 2196,
    "position": [
      -1.334094,
      0.547773,
      3.529586
    ],
    "rotation": [
      [
        -0.929046,
        0.02596,
        0.369053
      ],
      [
        -0.091803,
        0.95016,
        -0.297939
      ],
      [
        -0.358394,
        -0.310679,
        -0.880359
      ]
    ],
    "fy": 3437.879487,
    "fx": 3437.879487
  },
  {
    "id": 58,
    "img_name": "circle_0058",
    "width": 4077,
    "height": 2196,
    "position": [
      -1.260953,
      0.552984,
      3.557414
    ],
    "rotation": [
      [
        -0.936459,
        0.022671,
        0.350044
      ],
      [
        -0.088911,
        0.94998,
        -0.299386
      ],
      [
        -0.339322,
        -0.311486,
        -0.887602
      ]
    ],
    "fy": 3437.255626,
    "fx": 3437.255626
  },
  {
    "id": 59,
    "img_name": "circle_0059",
    "width": 4077,
    "height": 2196,
    "position": [
      -1.187235,
      0.557958,
      3.583723
    ],
    "rotation": [
      [
        -0.943472,
        0.019363,
        0.330888
      ],
      [
        -0.085992,
        0.949811,
        -0.300772
      ],
      [
        -0.320104,
        -0.312224,
        -0.894455
      ]
    ],
    "fy": 3436.631765,
    "fx": 3436.631765
  },
  {
    "id": 60,
    "img_name": "circle_0060",
    "width": 4077,
    "height": 2196,
    "position": [
      -1.112972,
      0.562693,
      3.608501
    ],
    "rotation": [
      [
        -0.950081,
        0.016037,
        0.311591
      ],
      [
        -0.083046,
        0.949653,
        -0.302097
      ],
      [
        -0.300748,
        -0.312893,
        -0.900915
      ]
    ],
    "fy": 3436.007904,
    "fx": 3436.007904
  },
  {
    "id": 61,
    "img_name": "circle_0061",
    "width": 4077,
    "height": 2196,
    "position": [
      -1.038197,
      0.567186,
      3.631737
    ],
    "rotation": [
      [
        -0.956284,
        0.012696,
        0.292163
      ],
      [
        -0.080076,
        0.949505,
        -0.30336
      ],
      [
        -0.281262,
        -0.313494,
        -0.90698
      ]
    ],
    "fy": 3435.384043,
    "fx": 3435.384043
  },
  {
    "id": 62,
    "img_name": "circle_0062",
    "width": 4077,
    "height": 2196,
    "position": [
      -0.962941,
      0.571435,
      3.653421
    ],
    "rotation": [
      [
        -0.962079,
        0.009341,
        0.272611
      ],
      [
        -0.077082,
        0.949369,
        -0.30456
      ],
      [
        -0.261654,
        -0.314025,
        -0.912648
      ]
    ],
    "fy": 3434.760182,
    "fx": 3434.760182
  },
  {
    "id": 63,
    "img_name": "circle_0063",
    "width": 4077,
    "height": 2196,
    "position": [
      -0.887239,
      0.57544,
      3.673543
    ],
    "rotation": [
      [
        -0.967462,
        0.005973,
        0.252945
      ],
      [
        -0.074065,
        0.949243,
        -0.305698
      ],
      [
        -0.241932,
        -0.314486,
        -0.917915
      ]
    ],
    "fy": 3434.136321,
    "fx": 3434.136321
  },
  {
    "id": 64,
    "img_name": "circle_0064",
    "width": 4077,
    "height": 2196,
    "position": [
      -0.811124,
      0.579197,
      3.692095
    ],
    "rotation": [
      [
        -0.972432,
        0.002593,
        0.233172
      ],
      [
        -0.071027,
        0.949129,
        -0.306772
      ],
      [
        -0.222105,
        -0.314877,
        -0.922779
      ]
    ],
    "fy": 3433.512461,
    "fx": 3433.512461
  },
  {
    "id": 65,
    "img_name": "circle_0065",
    "width": 4077,
    "height": 2196,
    "position": [
      -0.734628,
      0.582705,
      3.709068
    ],
    "rotation": [
      [
        -0.976986,
        -0.000796,
        0.2133
      ],
      [
        -0.06797,
        0.949026,
        -0.307783
      ],
      [
        -0.202182,
        -0.315197,
        -0.927239
      ]
    ],
    "fy": 3432.8886,
    "fx": 3432.8886
  },
  {
    "id": 66,
    "img_name": "circle_0066",
    "width": 4078,
    "height": 2196,
    "position": [
      -0.657786,
      0.585963,
      3.724455
    ],
    "rotation": [
      [
        -0.981123,
        -0.004194,
        0.193339
      ],
      [
        -0.064894,
        0.948934,
        -0.308729
      ],
      [
        -0.182171,
        -0.315447,
        -0.931293
      ]
    ],
    "fy": 3432.264739,
    "fx": 3432.264739
  },
  {
    "id": 67,
    "img_name": "circle_0067",
    "width": 4078,
    "height": 2196,
    "position": [
      -0.58063,
      0.58897,
      3.73825
    ],
    "rotation": [
      [
        -0.98484,
        -0.007598,
        0.173297
      ],
      [
        -0.061801,
        0.948853,
        -0.30961
      ],
      [
        -0.162081,
        -0.315627,
        -0.934938
      ]
    ],
    "fy": 3431.640878,
    "fx": 3431.640878
  },
  {
    "id": 68,
    "img_name": "circle_0068",
    "width": 4078,
    "height": 2196,
    "position": [
      -0.503196,
      0.591723,
      3.750445
    ],
    "rotation": [
      [
        -0.988137,
        -0.011008,
        0.153182
      ],
      [
        -0.058693,
        0.948783,
        -0.310427
      ],
      [
        -0.141919,
        -0.315735,
        -0.938174
      ]
    ],
    "fy": 3431.017017,
    "fx": 3431.017017
  },
  {
    "id": 69,
    "img_name": "circle_0069",
    "width": 4078,
    "height": 2196,
    "position": [
      -0.425517,
      0.594222,
      3.761036
    ],
    "rotation": [
      [
        -0.991011,
        -0.014422,
        0.133003
      ],
      [
        -0.05557,
        0.948725,
        -0.311179
      ],
      [
        -0.121695,
        -0.315773,
        -0.940998
      ]
    ],
    "fy": 3430.393156,
    "fx": 3430.393156
  },
  {
    "id": 70,
    "img_name": "circle_0070",
    "width": 4078,
    "height": 2196,
    "position": [
      -0.347627,
      0.596465,
      3.770018
    ],
    "rotation": [
      [
        -0.993461,
        -0.017838,
        0.112768
      ],
      [
        -0.052434,
        0.948678,
        -0.311865
      ],
      [
        -0.101418,
        -0.315739,
        -0.943411
      ]
    ],
    "fy": 3429.769295,
    "fx": 3429.769295
  },
  {
    "id": 71,
    "img_name": "circle_0071",
    "width": 4078,
    "height": 2196,
    "position": [
      -0.26956,
      0.598453,
      3.777387
    ],
    "rotation": [
      [
        -0.995487,
        -0.021255,
        0.092487
      ],
      [
        -0.049287,
        0.948643,
        -0.312486
      ],
      [
        -0.081095,
        -0.315634,
        -0.945409
      ]
    ],
    "fy": 3429.145434,
    "fx": 3429.145434
  },
  {
    "id": 72,
    "img_name": "circle_0072",
    "width": 4078,
    "height": 2196,
    "position": [
      -0.19135,
      0.600183,
      3.783139
    ],
    "rotation": [
      [
        -0.997087,
        -0.024671,
        0.072168
      ],
      [
        -0.046129,
        0.948619,
        -0.31304
      ],
      [
        -0.060737,
        -0.315458,
        -0.946994
      ]
    ],
    "fy": 3428.521574,
    "fx": 3428.521574
  },
  {
    "id": 73,
    "img_name": "circle_0073",
    "width": 4078,
    "height": 2196,
    "position": [
      -0.113032,
      0.601655,
      3.787273
    ],
    "rotation": [
      [
        -0.998262,
        -0.028085,
        0.051819
      ],
      [
        -0.042963,
        0.948606,
        -0.313529
      ],
      [
        -0.04035,
        -0.31521,
        -0.948164
      ]
    ],
    "fy": 3427.897713,
    "fx": 3427.897713
  },
  {
    "id": 74,
    "img_name": "circle_0074",
    "width": 4078,
    "height": 2196,
    "position": [
      -0.03464,
      0.602868,
      3.789786
    ],
    "rotation": [
      [
        -0.999009,
        -0.031495,
        0.031449
      ],
      [
        -0.039789,
        0.948605,
        -0.313951
      ],
      [
        -0.019945,
        -0.314891,
        -0.948918
      ]
    ],
    "fy": 3427.273852,
    "fx": 3427.273852
  },
  {
    "id": 75,
    "img_name": "circle_0075",
    "width": 4078,
    "height": 2196,
    "position": [
      0.043792,
      0.603822,
      3.790678
    ],
    "rotation": [
      [
        -0.99933,
        -0.034899,
        0.011067
      ],
      [
        -0.036609,
        0.948615,
        -0.314307
      ],
      [
        0.00047,
        -0.314501,
        -0.949257
      ]
    ],
    "fy": 3426.649991,
    "fx": 3426.649991
  },
  {
    "id": 76,
    "img_name": "circle_0076",
    "width": 4079,
    "height": 2196,
    "position": [
      0.122229,
      0.604517,
      3.789947
    ],
    "rotation": [
      [
        -0.999221,
        -0.038229,
        -0.009805
      ],
      [
        -0.03321,
        0.948692,
        -0.314453
      ],
      [
        0.021324,
        -0.313883,
        -0.949222
      ]
    ],
    "fy": 3426.02613,
    "fx": 3426.02613
  },
  {
    "id": 77,
    "img_name": "circle_0077",
    "width": 4079,
    "height": 2196,
    "position": [
      0.200636,
      0.604951,
      3.787594
    ],
    "rotation": [
      [
        -0.998664,
        -0.041532,
        -0.030758
      ],
      [
        -0.029771,
        0.948789,
        -0.314505
      ],
      [
        0.042245,
        -0.313169,
        -0.948757
      ]
    ],
    "fy": 3425.402269,
    "fx": 3425.402269
  },
  {
    "id": 78,
    "img_name": "circle_0078",
    "width": 4079,
    "height": 2196,
    "position": [
      0.27898,
      0.605126,
      3.78362
    ],
    "rotation": [
      [
        -0.997657,
        -0.044816,
        -0.051697
      ],
      [
        -0.02633,
        0.948897,
        -0.314486
      ],
      [
        0.063149,
        -0.312388,
        -0.947853
      ]
    ],
    "fy": 3424.778408,
    "fx": 3424.778408
  },
  {
    "id": 79,
    "img_name": "circle_0079",
    "width": 4079,
    "height": 2196,
    "position": [
      0.357226,
      0.60504,
      3.778027
    ],
    "rotation": [
      [
        -0.996201,
        -0.048081,
        -0.072612
      ],
      [
        -0.022888,
        0.949016,
        -0.314397
      ],
      [
        0.084026,
        -0.31154,
        -0.94651
      ]
    ],
    "fy": 3424.154547,
    "fx": 3424.154547
  },
  {
    "id": 80,
    "img_name": "circle_0080",
    "width": 4079,
    "height": 2196,
    "position": [
      0.43534,
      0.604694,
      3.770818
    ],
    "rotation": [
      [
        -0.994296,
        -0.051326,
        -0.093494
      ],
      [
        -0.019447,
        0.949145,
        -0.314237
      ],
      [
        0.104868,
        -0.310627,
        -0.944729
      ]
    ],
    "fy": 3423.530687,
    "fx": 3423.530687
  },
  {
    "id": 81,
    "img_name": "circle_0081",
    "width": 4079,
    "height": 2196,
    "position": [
      0.513287,
      0.604089,
      3.761994
    ],
    "rotation": [
      [
        -0.991944,
        -0.054549,
        -0.114334
      ],
      [
        -0.01601,
        0.949286,
        -0.314007
      ],
      [
        0.125665,
        -0.309647,
        -0.942511
      ]
    ],
    "fy": 3422.906826,
    "fx": 3422.906826
  },
  {
    "id": 82,
    "img_name": "circle_0082",
    "width": 4079,
    "height": 2196,
    "position": [
      0.591033,
      0.603223,
      3.751561
    ],
    "rotation": [
      [
        -0.989145,
        -0.057748,
        -0.135123
      ],
      [
        -0.012576,
        0.949437,
        -0.313706
      ],
      [
        0.146406,
        -0.308602,
        -0.939856
      ]
    ],
    "fy": 3422.282965,
    "fx": 3422.282965
  },
  {
    "id": 83,
    "img_name": "circle_0083",
    "width": 4079,
    "height": 2196,
    "position": [
      0.668544,
      0.602098,
      3.739522
    ],
    "rotation": [
      [
        -0.9859,
        -0.060923,
        -0.15585
      ],
      [
        -0.009148,
        0.949598,
        -0.313335
      ],
      [
        0.167084,
        -0.307492,
        -0.936767
      ]
    ],
    "fy": 3421.659104,
    "fx": 3421.659104
  },
  {
    "id": 84,
    "img_name": "circle_0084",
    "width": 4079,
    "height": 2196,
    "position": [
      0.745787,
      0.600714,
      3.725884
    ],
    "rotation": [
      [
        -0.982212,
        -0.064071,
        -0.176507
      ],
      [
        -0.005727,
        0.949771,
        -0.312894
      ],
      [
        0.187689,
        -0.306318,
        -0.933243
      ]
    ],
    "fy": 3421.035243,
    "fx": 3421.035243
  },
  {
    "id": 85,
    "img_name": "circle_0085",
    "width": 4079,
    "height": 2196,
    "position": [
      0.822727,
      0.599072,
      3.710651
    ],
    "rotation": [
      [
        -0.978081,
        -0.067192,
        -0.197084
      ],
      [
        -0.002315,
        0.949953,
        -0.312383
      ],
      [
        0.20821,
        -0.30508,
        -0.929287
      ]
    ],
    "fy": 3420.411382,
    "fx": 3420.411382
  },
  {
    "id": 86,
    "img_name": "circle_0086",
    "width": 4080,
    "height": 2196,
    "position": [
      0.89933,
      0.597172,
      3.693831
    ],
    "rotation": [
      [
        -0.97351,
        -0.070285,
        -0.217572
      ],
      [
        0.001087,
        0.950146,
        -0.311802
      ],
      [
        0.22864,
        -0.303779,
        -0.924901
      ]
    ],
    "fy": 3419.787521,
    "fx": 3419.787521
  },
  {
    "id": 87,
    "img_name": "circle_0087",
    "width": 4080,
    "height": 2196,
    "position": [
      0.975563,
      0.595015,
      3.675431
    ],
    "rotation": [
      [
        -0.968501,
        -0.073347,
        -0.237962
      ],
      [
        0.004478,
        0.95035,
        -0.311152
      ],
      [
        0.248969,
        -0.302416,
        -0.920086
      ]
    ],
    "fy": 3419.16366,
    "fx": 3419.16366
  },
  {
    "id": 88,
    "img_name": "circle_0088",
    "width": 4080,
    "height": 2196,
    "position": [
      1.051392,
      0.592603,
      3.655458
    ],
    "rotation": [
      [
        -0.963056,
        -0.076378,
        -0.258245
      ],
      [
        0.007855,
        0.950563,
        -0.310432
      ],
      [
        0.269188,
        -0.300991,
        -0.914845
      ]
    ],
    "fy": 3418.539799,
    "fx": 3418.539799
  },
  {
    "id": 89,
    "img_name": "circle_0089",
    "width": 4080,
    "height": 2196,
    "position": [
      1.126785,
      0.589936,
      3.633923
    ],
    "rotation": [
      [
        -0.957176,
        -0.079377,
        -0.278411
      ],
      [
        0.011218,
        0.950787,
        -0.309643
      ],
      [
        0.289288,
        -0.299506,
        -0.90918
      ]
    ],
    "fy": 3417.915939,
    "fx": 3417.915939
  },
