[{"id": 0, "img_name": "001", "width": 4051, "height": 2192, "position": [-3.07287408654115, -0.34629215618413006, -1.912142908313381], "rotation": [[0.5257514057034881, 0.1278363308110823, 0.840977604889432], [-0.1413022471601558, 0.9880323587087627, -0.061852510796970135], [-0.838820084611889, -0.08631298088444514, 0.53752296228398]], "fy": 3439.133838314896, "fx": 3439.133838314896}, {"id": 1, "img_name": "002", "width": 4048, "height": 2192, "position": [-3.2325180855037714, -0.30199925171990394, -1.600454022691085], "rotation": [[0.44254072182094756, 0.13428214744710346, 0.8866374763155397], [-0.1516895895337082, 0.9856863101420414, -0.07357150552803812], [-0.8838257622163375, -0.10193528768567532, 0.4565755350072415]], "fy": 3431.9989744028276, "fx": 3431.998974402827}, {"id": 2, "img_name": "003", "width": 4056, "height": 2193, "position": [-3.4105292221529937, -0.2396501269438587, -1.2690109853491531], "rotation": [[0.3501454488318299, 0.14166365775585577, 0.9259209322256345], [-0.16025266454770232, 0.9829833616060768, -0.08979306382442985], [-0.9228852844030607, -0.1169406639148603, 0.3668891289687303]], "fy": 3450.4239617891617, "fx": 3450.4239617891617}, {"id": 3, "img_name": "004", "width": 4058, "height": 2193, "position": [-3.527693499204029, -0.19098009557352721, -0.9232833180939714], "rotation": [[0.2571796840323027, 0.14278558371242042, 0.955756709212626], [-0.1648084644129302, 0.9810152665875548, -0.10221162742076087], [-0.9522062697645383, -0.13123004155318965, 0.27582946908380046]], "fy": 3453.6000878774994, "fx": 3453.6000878774985}, {"id": 4, "img_name": "005", "width": 4053, "height": 2192, "position": [-3.6221652443688015, -0.13292292935624916, -0.5662558233415141], "rotation": [[0.16080104690131106, 0.14510268576704785, 0.9762623796391168], [-0.17185274720298277, 0.9781410271067764, -0.11707589149474013], [-0.9719103130403698, -0.1489474460126451, 0.18222239635149165]], "fy": 3456.6087417472527, "fx": 3456.608741747252}, {"id": 5, "img_name": "006", "width": 4070, "height": 2195, "position": [-3.678155016852937, -0.07679931721148242, -0.19973648822443166], "rotation": [[0.06269906466545519, 0.14441131966080686, 0.9875293403458457], [-0.17652710235129473, 0.9754800512144685, -0.131441438740124], [-0.9822968031229321, -0.16608443767085018, 0.08665419861740631]], "fy": 3463.353096047349, "fx": 3463.353096047349}, {"id": 6, "img_name": "007", "width": 4071, "height": 2195, "position": [-3.689768634235326, -0.018114242220596655, 0.16818440014935027], "rotation": [[-0.03558082442280506, 0.14196003908133134, 0.9892327088392396], [-0.17793513690237506, 0.9731434391370659, -0.1460511346070841], [-0.9833987451633881, -0.18121587725282362, -0.009365566857537377]], "fy": 3472.815695938298, "fx": 3472.815695938298}, {"id": 7, "img_name": "008", "width": 4075, "height": 2196, "position": [-3.6761609782603526, 0.04335663321904054, 0.5408835251557084], "rotation": [[-0.1342734852487506, 0.1384237866937586, 0.981228559733416], [-0.18009267540975177, 0.9702968659871587, -0.16152591160323393], [-0.974442024659708, -0.19840072361979624, -0.10535603183600782]], "fy": 3480.359008932535, "fx": 3480.359008932535}, {"id": 8, "img_name": "009", "width": 4060, "height": 2193, "position": [-3.6163979993621274, 0.1075945356379107, 0.910747134142983], "rotation": [[-0.23193613783302183, 0.13343670294422205, 0.963535299962838], [-0.1817421929443094, 0.9671594021556035, -0.17768642639720497], [-0.9556021155642627, -0.21632692187841848, -0.20006813739252366]], "fy": 3483.5306381233945, "fx": 3483.5306381233945}, {"id": 9, "img_name": "010", "width": 4088, "height": 2197, "position": [-3.4988788001228355, 0.1651094616432359, 1.268161815304615], "rotation": [[-0.32733027538071846, 0.12655153877347738, 0.9363971373585289], [-0.1793703604504713, 0.9646500880223368, -0.19307118239231333], [-0.9277290362013312, -0.23115993535334575, -0.29305958383302544]], "fy": 3477.191868651382, "fx": 3477.191868651382}, {"id": 10, "img_name": "011", "width": 4103, "height": 2199, "position": [-3.3782422702389296, 0.22261782159838472, 1.61943817560405], "rotation": [[-0.41825041225457515, 0.11791508581381095, 0.900645671275002], [-0.1748878625693892, 0.9625323317843365, -0.20723355374002175], [-0.8913365403565522, -0.24418751566640268, -0.3819576272544927]], "fy": 3494.319623447056, "fx": 3494.3196234470565}, {"id": 11, "img_name": "012", "width": 4110, "height": 2200, "position": [-3.194730867268906, 0.2756802349895831, 1.9498454532348284], "rotation": [[-0.5063552077962907, 0.10788688695437373, 0.8555494276550416], [-0.17000188806047736, 0.9601822571402957, -0.2216966195701686], [-0.8454015386746395, -0.2577022559006058, -0.4678523118573751]], "fy": 3483.6608078171485, "fx": 3483.6608078171494}, {"id": 12, "img_name": "013", "width": 4099, "height": 2199, "position": [-2.984758805454416, 0.32824336084050815, 2.261497744773337], "rotation": [[-0.5887115885060262, 0.0971480232587403, 0.8024842223593122], [-0.16269132536083708, 0.9581970486354932, -0.23535069287887128], [-0.791801868026999, -0.26911090197751153, -0.5482965659438374]], "fy": 3484.1379273188895, "fx": 3484.1379273188886}, {"id": 13, "img_name": "014", "width": 4097, "height": 2198, "position": [-2.737801371662328, 0.37532860188674183, 2.540565709620208], "rotation": [[-0.6655157560658362, 0.08452514995472264, 0.7415822796246211], [-0.15539412977307146, 0.9561039042120482, -0.248431054384408], [-0.7300283849688228, -0.2805723139862708, -0.6231675005680264]], "fy": 3469.829687423389, "fx": 3469.8296874233883}, {"id": 14, "img_name": "015", "width": 4096, "height": 2198, "position": [-2.4745536001736315, 0.42026165910623586, 2.808896910355486], "rotation": [[-0.7362845998710853, 0.07027282050454337, 0.6730131638318909], [-0.14685336933003657, 0.9542939060831235, -0.2603021873304766], [-0.6605445298457108, -0.2904907425563694, -0.6923121063364106]], "fy": 3472.738147227767, "fx": 3472.7381472277675}, {"id": 15, "img_name": "016", "width": 4089, "height": 2197, "position": [-2.1984475453979333, 0.4690346730789688, 3.0504829080986635], "rotation": [[-0.7985058323223994, 0.057640631426602446, 0.5992211556310864], [-0.1356923331062533, 0.9525541312103907, -0.27244856000757195], [-0.5864946943351609, -0.29886148082809283, -0.7527986376142997]], "fy": 3471.8476191746004, "fx": 3471.847619174601}, {"id": 16, "img_name": "017", "width": 4087, "height": 2197, "position": [-1.8833038024545377, 0.5058771891726139, 3.2575980285044515], "rotation": [[-0.8540111831364713, 0.04177200087041162, 0.5185749695281542], [-0.12486906701403597, 0.9511771134670902, -0.28225841868659707], [-0.5050471415431316, -0.30580581871458307, -0.8070998612683655]], "fy": 3473.8536925176927, "fx": 3473.853692517693}, {"id": 17, "img_name": "018", "width": 4076, "height": 2196, "position": [-1.5415031588792174, 0.5487393700932701, 3.4243657237250593], "rotation": [[-0.9017196698608838, 0.028068486445277884, 0.4314090831851474], [-0.11117146025061292, 0.9492779051173008, -0.29412984425565386], [-0.41778289028121357, -0.3131830438015124, -0.8528621445834578]], "fy": 3460.513253902513, "fx": 3460.513253902513}, {"id": 18, "img_name": "019", "width": 4071, "height": 2195, "position": [-1.213116172569918, 0.5660561354237749, 3.5583935502677355], "rotation": [[-0.9379467714388754, 0.011784302657582358, 0.34657897246986047], [-0.09863947236269134, 0.9490725625828347, -0.2992181903635893], [-0.3324546712551949, -0.3148371025837422, -0.8890171485394838]], "fy": 3451.4710918168184, "fx": 3451.471091816818}, {"id": 19, "img_name": "020", "width": 4085, "height": 2197, "position": [-0.8416434406689086, 0.578435466458911, 3.6763470228700625], "rotation": [[-0.9682667083471328, -0.005143206955978188, 0.2498662220645595], [-0.08306477640543213, 0.949573417283841, -0.3023418067495857], [-0.23571131586608937, -0.3135025878842091, -0.9198675464231684]], "fy": 3447.478175469909, "fx": 3447.4781754699093}, {"id": 20, "img_name": "021", "width": 4095, "height": 2198, "position": [-0.4681791505367714, 0.5862582180556731, 3.7399341065527607], "rotation": [[-0.9879806046526869, -0.02146352082974881, 0.15308050856886438], [-0.06789134725999758, 0.9499360439267043, -0.3049791425919241], [-0.1388707665325343, -0.31170631967041296, -0.9399755744061611]], "fy": 3438.881151292818, "fx": 3438.881151292819}, {"id": 21, "img_name": "022", "width": 4082, "height": 2196, "position": [-0.09090117793298595, 0.5929084767915644, 3.767926573320287], "rotation": [[-0.997775919118031, -0.03789059127813898, 0.05484084536876234], [-0.05299642804525806, 0.9499475311537722, -0.3078815789703837], [-0.04043011059360668, -0.31010319435221206, -0.9498428370051236]], "fy": 3430.2934542073394, "fx": 3430.293454207339}, {"id": 22, "img_name": "023", "width": 4082, "height": 2196, "position": [0.2836830639669592, 0.5991283528443737, 3.7694415748876464], "rotation": [[-0.9976736156593417, -0.05238851051108107, -0.04362110250378373], [-0.03633000716620788, 0.9500246356971559, -0.3100537407414873], [0.05768437567070085, -0.3077476816077036, -0.949717788223725]], "fy": 3424.425499740108, "fx": 3424.425499740108}, {"id": 23, "img_name": "024", "width": 4088, "height": 2197, "position": [0.6511614692158841, 0.5976177532728609, 3.7605154892882053], "rotation": [[-0.9876573295297123, -0.0702817794125039, -0.13997667987507503], [-0.02406426103797813, 0.9511542356927057, -0.30777675556240575], [0.15477051000411268, -0.3006095331263414, -0.9411057314811283]], "fy": 3441.544554511077, "fx": 3441.5445545110774}, {"id": 24, "img_name": "025", "width": 4083, "height": 2197, "position": [1.0177290645212573, 0.5851105500182517, 3.662621742899458], "rotation": [[-0.9679065468477093, -0.08333816305333702, -0.23708999799282537], [-0.006809596005145533, 0.9517657615550186, -0.30675000331514635], [0.2512181242896086, -0.2952908493510949, -0.9217878108968024]], "fy": 3417.2414671006422, "fx": 3417.241467100642}, {"id": 25, "img_name": "026", "width": 4086, "height": 2197, "position": [1.3757948090589205, 0.5736857160933592, 3.5452716591018802], "rotation": [[-0.9382283309676009, -0.09811471261599453, -0.3318148612374531], [0.008244016574816769, 0.9523453075950747, -0.304910562775967], [0.34591853833014435, -0.2888112156234996, -0.8927084891327138]], "fy": 3412.891865062162, "fx": 3412.891865062162}, {"id": 26, "img_name": "027", "width": 4107, "height": 2200, "position": [1.714433986971128, 0.5529812743286383, 3.3882148603881754], "rotation": [[-0.8996441018299817, -0.11004338267864561, -0.4225292226239098], [0.024113243186094292, 0.9537198717811642, -0.2997281396078254], [0.43595761439109265, -0.2798372028490153, -0.8553549545984203]], "fy": 3409.226578885437, "fx": 3409.226578885437}, {"id": 27, "img_name": "028", "width": 4086, "height": 2197, "position": [2.0475151658311637, 0.5255763920914047, 3.192369270993993], "rotation": [[-0.8497529767959885, -0.12263312050232962, -0.512719217683731], [0.03996895327445123, 0.9547817194214916, -0.29460881017492435], [0.5256637339597441, -0.2708375638909805, -0.8064270908055471]], "fy": 3391.4152306616634, "fx": 3391.4152306616634}, {"id": 28, "img_name": "029", "width": 4091, "height": 2198, "position": [2.346523910676505, 0.4954387385354898, 2.97659865457659], "rotation": [[-0.7933750303136528, -0.13289505625883247, -0.594049632014676], [0.05473668836366603, 0.9563509176824766, -0.2870484579210691], [0.6062672316906044, -0.26025338858475333, -0.7514707030273128]], "fy": 3388.471701320723, "fx": 3388.471701320723}, {"id": 29, "img_name": "030", "width": 4092, "height": 2198, "position": [2.6219670127160177, 0.45908761269471515, 2.7373142821542644], "rotation": [[-0.7293441127515508, -0.1429691015508195, -0.6690418530976997], [0.06781380920428215, 0.9579976521690668, -0.27864275644588526], [0.6807778290131501, -0.24859673055031747, -0.6890146682646421]], "fy": 3380.158801637605, "fx": 3380.158801637605}, {"id": 30, "img_name": "031", "width": 4102, "height": 2199, "position": [2.8921530194108853, 0.4217896342192636, 2.4799283597209083], "rotation": [[-0.6567098471234976, -0.1503600769265585, -0.7390020459766478], [0.08105344621469289, 0.9601738890218564, -0.2673881854109602], [0.7497749766081512, -0.2354951169499774, -0.6183684454635134]], "fy": 3394.1203086475707, "fx": 3394.120308647571}, {"id": 31, "img_name": "032", "width": 4098, "height": 2199, "position": [3.119336866127384, 0.37785542228420593, 2.1905719875573957], "rotation": [[-0.578273183999199, -0.15750106448438753, -0.8004958084548058], [0.09204734272164417, 0.9623278506420814, -0.2558366560453683], [0.8106339564595801, -0.22162698970314224, -0.5419908357802837]], "fy": 3393.9975010538815, "fx": 3393.9975010538815}, {"id": 32, "img_name": "033", "width": 4091, "height": 2198, "position": [3.326090237907152, 0.3325298733714754, 1.8940383435949428], "rotation": [[-0.495149223827747, -0.16372429681138514, -0.8532418184643769], [0.10102578433358028, 0.9645711523821652, -0.2437135262801947], [0.862914269810486, -0.20687398731053566, -0.46106628192883037]], "fy": 3397.9267942165557, "fx": 3397.9267942165557}, {"id": 33, "img_name": "034", "width": 4080, "height": 2196, "position": [3.492852241887212, 0.2824707372710387, 1.5645271872986326], "rotation": [[-0.4055686778399124, -0.16814178620553394, -0.8984666867985689], [0.1098520646151708, 0.966845595210987, -0.2305257445946045], [0.9074395690375033, -0.1921924419760699, -0.3736515673623026]], "fy": 3395.2033277690703, "fx": 3395.2033277690703}, {"id": 34, "img_name": "035", "width": 4082, "height": 2196, "position": [3.620004142860699, 0.22756077692346666, 1.2200517092271261], "rotation": [[-0.3128855424872901, -0.17042395406849528, -0.9343758950134007], [0.1186501898923748, 0.969050416310944, -0.216479613557697], [0.9423506617713692, -0.1785972186996366, -0.28298103069254754]], "fy": 3388.6395852027886, "fx": 3388.639585202789}, {"id": 35, "img_name": "036", "width": 4087, "height": 2197, "position": [3.718824496943677, 0.1727854208871446, 0.8688950692811587], "rotation": [[-0.21696267082379803, -0.17151801457262245, -0.9609936368915613], [0.12472205575207411, 0.971504526788583, -0.2015523833604255], [0.9681795330815356, -0.16358644536255773, -0.18938813747344926]], "fy": 3392.238795632912, "fx": 3392.238795632912}, {"id": 36, "img_name": "037", "width": 4114, "height": 2201, "position": [3.7705732223908304, 0.11936439777911746, 0.5059995028838392], "rotation": [[-0.11834829580723434, -0.17215639984063882, -0.9779344839371568], [0.13112311628505813, 0.973521922628727, -0.18724794935315556], [0.9842765918456143, -0.15039029275580543, -0.09264097683857109]], "fy": 3392.9901605649297, "fx": 3392.9901605649293}, {"id": 37, "img_name": "038", "width": 4086, "height": 2197, "position": [3.7994582577384417, 0.06324386334687584, 0.14848072292837886], "rotation": [[-0.019831866752908038, -0.1719728176200605, -0.9849020494754348], [0.13207040603601455, 0.9760126639076762, -0.17308000387486722], [0.9910419289367007, -0.1335089131543628, 0.0033563667504710407]], "fy": 3380.300307351755, "fx": 3380.300307351755}, {"id": 38, "img_name": "039", "width": 4079, "height": 2196, "position": [3.784798933686183, 0.0065730348940551105, -0.21823682119733354], "rotation": [[0.08060818971435198, -0.1699235011211452, -0.9821549386515893], [0.13380824386243415, 0.9782868913874504, -0.15827227177850953], [0.987723480345297, -0.11866238623174234, 0.10159510061200001]], "fy": 3373.2035194398695, "fx": 3373.2035194398695}, {"id": 39, "img_name": "040", "width": 4085, "height": 2197, "position": [3.729593041102363, -0.05978565412605197, -0.6006789492325921], "rotation": [[0.18597835084102754, -0.16421495814490872, -0.9687339678879426], [0.135272674048382, 0.9808254924589865, -0.14029489298754427], [0.9731974910953334, -0.10495142144845954, 0.204626104057366]], "fy": 3370.4386556270592, "fx": 3370.4386556270592}, {"id": 40, "img_name": "041", "width": 4077, "height": 2196, "position": [3.631149006414541, -0.11392358415227154, -0.9475499987492121], "rotation": [[0.28200783055368434, -0.16041129457256326, -0.9459068664937151], [0.13419022817397397, 0.982826949077941, -0.12666558660016344], [0.9499813504322182, -0.09121077096319845, 0.2986905239395413]], "fy": 3357.5061338687965, "fx": 3357.5061338687965}, {"id": 41, "img_name": "042", "width": 4084, "height": 2197, "position": [3.528352797102364, -0.17228325816412804, -1.289740235529455], "rotation": [[0.3750672907534754, -0.15228739130963054, -0.9144031265557633], [0.1314439986413932, 0.9851838553290353, -0.11016009449968725], [0.9176311909629105, -0.07887535513153694, 0.3895275031687295]], "fy": 3372.946120639296, "fx": 3372.9461206392957}, {"id": 42, "img_name": "043", "width": 4092, "height": 2198, "position": [3.3702255863057706, -0.22571821282306884, -1.6091249575389075], "rotation": [[0.46383361978093757, -0.1444506317124406, -0.8740665810788038], [0.12652590016206558, 0.9873048781841854, -0.09602225836695213], [0.8768406752364373, -0.06605370929469094, 0.4762219416819439]], "fy": 3361.3491860352115, "fx": 3361.3491860352115}, {"id": 43, "img_name": "044", "width": 4086, "height": 2197, "position": [3.1825740996214433, -0.2760552815433245, -1.9160042087249112], "rotation": [[0.5495637926094752, -0.13564500403836774, -0.8243664662831214], [0.11968765081341484, 0.9893360654593828, -0.0830000953259335], [0.8268340245148694, -0.05305263858451499, 0.5599383121771228]], "fy": 3354.772547640242, "fx": 3354.7725476402425}, {"id": 44, "img_name": "045", "width": 4100, "height": 2199, "position": [2.9762678438861463, -0.3217205227846137, -2.2133525312878946], "rotation": [[0.6296948457632653, -0.12716451473891074, -0.7663638740248622], [0.11446806772818642, 0.9909312287917821, -0.07037301525289609], [0.7683628457244355, -0.04341066685074494, 0.6385405635617998]], "fy": 3362.6646483943073, "fx": 3362.664648394306}, {"id": 45, "img_name": "046", "width": 4119, "height": 2201, "position": [2.7471668990555695, -0.36734733449199264, -2.4994124047230484], "rotation": [[0.7048023902647071, -0.1146212474151242, -0.7000825382182846], [0.10448249205405731, 0.9928705645780116, -0.05737116739891349], [0.7016672997449211, -0.03271103232154535, 0.7117534607103289]], "fy": 3390.522750126181, "fx": 3390.522750126181}, {"id": 46, "img_name": "047", "width": 4108, "height": 2200, "position": [2.4722983143778703, -0.4038576903394128, -2.7425747459062646], "rotation": [[0.7719176792484749, -0.10406954570676938, -0.6271464152173996], [0.09526835091361653, 0.994306381823524, -0.047736363280127536], [0.6285435846286622, -0.02289866200018972, 0.7774372087189758]], "fy": 3382.4431677252683, "fx": 3382.443167725268}, {"id": 47, "img_name": "048", "width": 4103, "height": 2199, "position": [2.1770412353957216, -0.4369949502755892, -2.9557772450284876], "rotation": [[0.83141220934225, -0.09115126508591113, -0.5481288033207858], [0.08343876279415617, 0.9957484023129877, -0.039026813276424564], [0.5493557235708201, -0.013287820151188144, 0.8354829279019473]], "fy": 3381.3984208090988, "fx": 3381.3984208090988}, {"id": 48, "img_name": "049", "width": 4125, "height": 2202, "position": [1.8715087880232266, -0.473853647281007, -3.160531040057316], "rotation": [[0.8824919000782889, -0.07800004604417261, -0.4638146603044351], [0.07277184003186353, 0.9969213247222238, -0.029191293435941894], [0.46466364780837804, -0.007991566254080224, 0.8854512009558845]], "fy": 3393.8675981053175, "fx": 3393.8675981053175}, {"id": 49, "img_name": "050", "width": 4114, "height": 2201, "position": [1.5405725090840101, -0.5021460415212402, -3.331020862698078], "rotation": [[0.9253578826693324, -0.06370262632601573, -0.3737041134117982], [0.060099075544338895, 0.9979651381137775, -0.021299864512831057], [0.37430053446454753, -0.0027492742164288574, 0.9273033761347129]], "fy": 3406.205918053092, "fx": 3406.205918053092}, {"id": 50, "img_name": "051", "width": 4116, "height": 2201, "position": [1.192443459360458, -0.5397290652069147, -3.482872785524693], "rotation": [[0.959200477093615, -0.04662501173332869, -0.278855792524108], [0.045276515882179076, 0.9989108272362733, -0.011278135471565011], [0.2790779135885752, -0.001807625794003835, 0.9602667601432618]], "fy": 3428.8971832412585, "fx": 3428.8971832412585}, {"id": 51, "img_name": "052", "width": 4119, "height": 2201, "position": [0.8217559917328099, -0.5554578027372846, -3.5622283018672998], "rotation": [[0.9830135747285266, -0.03179146950466946, -0.18075844203294408], [0.03094027892957042, 0.9994928904285991, -0.007527358264639424], [0.1809060834775987, 0.001806778740611641, 0.9834987160700203]], "fy": 3419.3921896530765, "fx": 3419.3921896530774}, {"id": 52, "img_name": "053", "width": 4120, "height": 2201, "position": [0.45132671868690055, -0.5678714473709886, -3.613164567944538], "rotation": [[0.9964288560573178, -0.016078130783234477, -0.08289166741489999], [0.015800631612385665, 0.9998671504380057, -0.004002688550454448], [0.0829450110431897, 0.002678653672923821, 0.9965505255417539]], "fy": 3418.8295645378307, "fx": 3418.829564537831}, {"id": 53, "img_name": "054", "width": 4107, "height": 2200, "position": [0.07362775880316251, -0.5841806916000446, -3.6386246655465184], "rotation": [[0.9998487837530464, -0.00013381910002498713, 0.017389414021246552], [0.00013312650062881234, 0.9999999902987261, 4.098637175947375e-05], [-0.017389419337306464, -3.866518211752588e-05, 0.999848791868108]], "fy": 3424.665889988289, "fx": 3424.6658899882896}, {"id": 54, "img_name": "055", "width": 4104, "height": 2199, "position": [-0.30861759737070127, -0.5825560994966226, -3.625827562159859], "rotation": [[0.9929582943143963, 0.015392172440261576, 0.11746023488744642], [-0.015467114197980348, 0.9998803396150236, -0.0002735502361288102], [-0.11745039008292595, -0.0015451468908499655, 0.9930775490315216]], "fy": 3429.6619358124926, "fx": 3429.6619358124917}, {"id": 55, "img_name": "056", "width": 4080, "height": 2196, "position": [-0.6817384559915363, -0.5758462890426748, -3.6061226490947966], "rotation": [[0.9764339896289883, 0.03080264391159571, 0.21360679068155217], [-0.031251337475211347, 0.9995107423235151, -0.0012766698501170703], [-0.21354160672624772, -0.005428914067397164, 0.9769188856239914]], "fy": 3454.028198568761, "fx": 3454.0281985687607}, {"id": 56, "img_name": "057", "width": 4076, "height": 2196, "position": [-1.0471592871684958, -0.5661036595528989, -3.507064224288242], "rotation": [[0.9500835553694913, 0.04580075289715745, 0.3086155032569168], [-0.04681316990069886, 0.9988951361963094, -0.0041272275445839125], [-0.30846355528703034, -0.010526058968578547, 0.9511779208656367]], "fy": 3451.2028133424205, "fx": 3451.2028133424205}, {"id": 57, "img_name": "058", "width": 4072, "height": 2195, "position": [-1.401725079677365, -0.5399285516854188, -3.3710982150693947], "rotation": [[0.9139217660867669, 0.06085438373913452, 0.40130256596809233], [-0.06170521088383469, 0.998035794531319, -0.010817568304398697], [-0.40117262172614226, -0.01487604833176483, 0.9158816685377017]], "fy": 3446.951690903591, "fx": 3446.9516909035906}, {"id": 58, "img_name": "059", "width": 4088, "height": 2197, "position": [-1.741782890407837, -0.5256447479693421, -3.202351253324047], "rotation": [[0.8685602919790351, 0.07508598475793772, 0.4898623419800956], [-0.07821190977531067, 0.9968367625429826, -0.014119702975767158], [-0.4893729828735869, -0.02604925595398004, 0.8716854477950473]], "fy": 3452.568580434546, "fx": 3452.568580434546}, {"id": 59, "img_name": "060", "width": 4078, "height": 2196, "position": [-2.0629984748949313, -0.5013645693614487, -3.006538919054339], "rotation": [[0.8152611538472612, 0.0866947463220775, 0.5725672641601012], [-0.09104639018099152, 0.9956228155923181, -0.021113121679071877], [-0.5718914283871049, -0.03491747459618566, 0.8195858491367342]], "fy": 3451.965473675481, "fx": 3451.965473675481}, {"id": 60, "img_name": "061", "width": 4068, "height": 2194, "position": [-2.3447814452529636, -0.4731928316322636, -2.769326935708802], "rotation": [[0.7544011851900527, 0.09803360236393273, 0.6490518196503218], [-0.10466505897499014, 0.9940991787597424, -0.028496459762010828], [-0.6480154914919901, -0.04643528396334398, 0.7602102914257595]], "fy": 3443.8305409914624, "fx": 3443.8305409914624}, {"id": 61, "img_name": "062", "width": 4059, "height": 2193, "position": [-2.6246254780336646, -0.43450475789504706, -2.5079627589076736], "rotation": [[0.6839678627430221, 0.10955092861783564, 0.7212395973417658], [-0.11773693849063377, 0.9922760718691808, -0.039066744306649394], [-0.7199485926436662, -0.05819614450148983, 0.6915831350716748]], "fy": 3442.485166966014, "fx": 3442.485166966014}, {"id": 62, "img_name": "063", "width": 4060, "height": 2193, "position": [-2.8589924360097667, -0.3903481023712357, -2.2178903156843996], "rotation": [[0.6077622640756296, 0.11964420115666452, 0.7850543264610724], [-0.12977566834331777, 0.990259093211861, -0.050450017019500054], [-0.7834432374280282, -0.07121933333587348, 0.6173690146804292]], "fy": 3436.9637377673835, "fx": 3436.9637377673835}]